lgsgm0.21     lgsgm1.20     p3fl.0        tCrcl.10      vImpct.21     xMax.21       pMin.22       pMax.22       pMdl.0        E.0           N.0           eta.0         
-3.0000e+000  +5.0000e-001  +0.0000e+000  +6.1805e+001  +3.8615e+000  +1.0012e+001  +7.3571e-002  +1.0111e+000  +8.3820e-001  +7.4556e+000  +1.2063e-001  +4.5510e-002  
-3.0000e+000  +6.0000e-001  +0.0000e+000  +5.5101e+001  +4.2929e+000  +1.0012e+001  +7.1014e-002  +1.0112e+000  +8.1851e-001  +9.2143e+000  +1.6723e-001  +5.1319e-002  
-3.0000e+000  +7.0000e-001  +0.0000e+000  +4.9122e+001  +4.7771e+000  +1.0012e+001  +6.8806e-002  +1.0113e+000  +7.9643e-001  +1.1410e+001  +2.3229e-001  +5.8194e-002  
-3.0000e+000  +8.0000e-001  +0.0000e+000  +4.3791e+001  +5.3207e+000  +1.0012e+001  +6.6893e-002  +1.0113e+000  +7.7164e-001  +1.4155e+001  +3.2323e-001  +6.6390e-002  
-3.0000e+000  +9.0000e-001  +0.0000e+000  +3.9038e+001  +5.9308e+000  +1.0012e+001  +6.5232e-002  +1.0114e+000  +7.4384e-001  +1.7587e+001  +4.5051e-001  +7.6248e-002  
-3.0000e+000  +1.0000e+000  +0.0000e+000  +3.4799e+001  +6.6155e+000  +1.0012e+001  +6.3785e-002  +1.0114e+000  +7.1264e-001  +2.1883e+001  +6.2882e-001  +8.8238e-002  
-3.0000e+000  +1.1000e+000  +0.0000e+000  +3.1021e+001  +7.3840e+000  +1.0012e+001  +6.2523e-002  +1.0114e+000  +6.7763e-001  +2.7262e+001  +8.7883e-001  +1.0302e-001  
-3.0000e+000  +1.2000e+000  +0.0000e+000  +2.7652e+001  +8.2464e+000  +1.0012e+001  +6.1418e-002  +1.0115e+000  +6.3836e-001  +3.4002e+001  +1.2296e+000  +1.2154e-001  
-3.0000e+000  +1.3000e+000  +0.0000e+000  +2.4648e+001  +9.2142e+000  +1.0012e+001  +6.0450e-002  +1.0115e+000  +5.9429e-001  +4.2451e+001  +1.7223e+000  +1.4525e-001  
-3.0000e+000  +1.4000e+000  +0.0000e+000  +2.1971e+001  +1.0300e+001  +1.0012e+001  +5.9600e-002  +1.0115e+000  +5.4485e-001  +5.3047e+001  +2.4144e+000  +1.7642e-001  
-3.0000e+000  +1.5000e+000  +0.0000e+000  +1.9584e+001  +1.1518e+001  +1.0012e+001  +5.8851e-002  +1.0111e+000  +4.8937e-001  +6.6331e+001  +3.3870e+000  +2.1887e-001  
-3.0000e+000  +1.6000e+000  +0.0000e+000  +1.7457e+001  +1.2877e+001  +1.0012e+001  +5.8177e-002  +1.0079e+000  +4.2716e-001  +8.2907e+001  +4.7492e+000  +2.7928e-001  
-3.0000e+000  +1.7000e+000  +0.0000e+000  +1.5566e+001  +1.4351e+001  +1.0012e+001  +5.7495e-002  +9.8802e-001  +3.5757e-001  +1.0298e+002  +6.6156e+000  +3.6916e-001  
-3.0000e+000  +1.8000e+000  +0.0000e+000  +1.3901e+001  +1.5743e+001  +1.0013e+001  +5.6461e-002  +8.9842e-001  +2.8062e-001  +1.2392e+002  +8.9145e+000  +5.0347e-001  
-3.0000e+000  +1.9000e+000  +0.0000e+000  +1.2483e+001  +1.6364e+001  +1.0018e+001  +5.3888e-002  +6.4723e-001  +1.9894e-001  +1.3389e+002  +1.0725e+001  +6.7872e-001  
-3.0000e+000  +2.0000e+000  +0.0000e+000  +1.1379e+001  +1.5207e+001  +1.0038e+001  +4.7085e-002  +3.1261e-001  +1.2125e-001  +1.1563e+002  +1.0162e+001  +8.3808e-001  
-3.0000e+000  +2.1000e+000  +0.0000e+000  +1.0667e+001  +1.2519e+001  +1.0106e+001  +3.4538e-002  +1.1425e-001  +6.2784e-002  +7.8358e+001  +7.3456e+000  +9.2935e-001  
-3.0000e+000  +2.2000e+000  +0.0000e+000  +1.0318e+001  +9.9621e+000  +1.0277e+001  +2.1856e-002  +4.4635e-002  +3.1360e-002  +4.9622e+001  +4.8093e+000  +9.6762e-001  
-3.0000e+000  +2.3000e+000  +0.0000e+000  +1.0164e+001  +8.3312e+000  +1.0578e+001  +1.3760e-002  +2.1856e-002  +1.7404e-002  +3.4704e+001  +3.4145e+000  +9.8329e-001  
-3.0000e+000  +2.4000e+000  +0.0000e+000  +1.0083e+001  +7.4035e+000  +1.1003e+001  +9.2176e-003  +1.2872e-002  +1.0916e-002  +2.7406e+001  +2.7181e+000  +9.9126e-001  
-3.0000e+000  +2.5000e+000  +0.0000e+000  +1.0028e+001  +6.8893e+000  +1.1549e+001  +6.5766e-003  +8.5533e-003  +7.5093e-003  +2.3732e+001  +2.3665e+000  +9.9658e-001  
-2.9000e+000  +5.0000e-001  +0.0000e+000  +5.5501e+001  +3.8606e+000  +1.0015e+001  +7.3555e-002  +1.0139e+000  +8.1982e-001  +7.4520e+000  +1.3427e-001  +5.1791e-002  
-2.9000e+000  +6.0000e-001  +0.0000e+000  +4.9482e+001  +4.2919e+000  +1.0015e+001  +7.0999e-002  +1.0140e+000  +7.9791e-001  +9.2102e+000  +1.8613e-001  +5.8597e-002  
-2.9000e+000  +7.0000e-001  +0.0000e+000  +4.4114e+001  +4.7761e+000  +1.0015e+001  +6.8792e-002  +1.0141e+000  +7.7332e-001  +1.1406e+001  +2.5855e-001  +6.6709e-002  
-2.9000e+000  +8.0000e-001  +0.0000e+000  +3.9328e+001  +5.3197e+000  +1.0015e+001  +6.6881e-002  +1.0142e+000  +7.4573e-001  +1.4149e+001  +3.5978e-001  +7.6464e-002  
-2.9000e+000  +9.0000e-001  +0.0000e+000  +3.5060e+001  +5.9297e+000  +1.0015e+001  +6.5221e-002  +1.0143e+000  +7.1477e-001  +1.7581e+001  +5.0146e-001  +8.8321e-002  
-2.9000e+000  +1.0000e+000  +0.0000e+000  +3.1254e+001  +6.6145e+000  +1.0015e+001  +6.3775e-002  +1.0143e+000  +6.8004e-001  +2.1876e+001  +6.9993e-001  +1.0292e-001  
-2.9000e+000  +1.1000e+000  +0.0000e+000  +2.7861e+001  +7.3829e+000  +1.0015e+001  +6.2513e-002  +1.0144e+000  +6.4107e-001  +2.7254e+001  +9.7822e-001  +1.2121e-001  
-2.9000e+000  +1.2000e+000  +0.0000e+000  +2.4835e+001  +8.2453e+000  +1.0015e+001  +6.1410e-002  +1.0144e+000  +5.9735e-001  +3.3993e+001  +1.3687e+000  +1.4457e-001  
-2.9000e+000  +1.3000e+000  +0.0000e+000  +2.2138e+001  +9.2130e+000  +1.0015e+001  +6.0442e-002  +1.0144e+000  +5.4829e-001  +4.2440e+001  +1.9171e+000  +1.7524e-001  
-2.9000e+000  +1.4000e+000  +0.0000e+000  +1.9734e+001  +1.0298e+001  +1.0015e+001  +5.9592e-002  +1.0141e+000  +4.9325e-001  +5.3028e+001  +2.6872e+000  +2.1689e-001  
-2.9000e+000  +1.5000e+000  +0.0000e+000  +1.7591e+001  +1.1510e+001  +1.0015e+001  +5.8831e-002  +1.0112e+000  +4.3152e-001  +6.6243e+001  +3.7657e+000  +2.7596e-001  
-2.9000e+000  +1.6000e+000  +0.0000e+000  +1.5686e+001  +1.2829e+001  +1.0015e+001  +5.8084e-002  +9.9290e-001  +3.6248e-001  +8.2296e+001  +5.2465e+000  +3.6357e-001  
-2.9000e+000  +1.7000e+000  +0.0000e+000  +1.4009e+001  +1.4095e+001  +1.0016e+001  +5.7036e-002  +9.0930e-001  +2.8617e-001  +9.9337e+001  +7.0910e+000  +4.9440e-001  
-2.9000e+000  +1.8000e+000  +0.0000e+000  +1.2583e+001  +1.4738e+001  +1.0022e+001  +5.4611e-002  +6.6990e-001  +2.0531e-001  +1.0861e+002  +8.6311e+000  +6.6629e-001  
-2.9000e+000  +1.9000e+000  +0.0000e+000  +1.1474e+001  +1.3906e+001  +1.0045e+001  +4.8387e-002  +3.3958e-001  +1.2849e-001  +9.6683e+001  +8.4266e+000  +8.2561e-001  
-2.9000e+000  +2.0000e+000  +0.0000e+000  +1.0749e+001  +1.1757e+001  +1.0116e+001  +3.6873e-002  +1.3265e-001  +6.9883e-002  +6.9108e+001  +6.4291e+000  +9.1997e-001  
-2.9000e+000  +2.1000e+000  +0.0000e+000  +1.0376e+001  +9.6003e+000  +1.0288e+001  +2.4565e-002  +5.4403e-002  +3.6688e-002  +4.6083e+001  +4.4413e+000  +9.6159e-001  
-2.9000e+000  +2.2000e+000  +0.0000e+000  +1.0204e+001  +8.1469e+000  +1.0590e+001  +1.6044e-002  +2.7184e-002  +2.0955e-002  +3.3186e+001  +3.2523e+000  +9.7929e-001  
-2.9000e+000  +2.3000e+000  +0.0000e+000  +1.0116e+001  +7.2887e+000  +1.1019e+001  +1.0967e-002  +1.6113e-002  +1.3320e-002  +2.6563e+001  +2.6259e+000  +9.8804e-001  
-2.9000e+000  +2.4000e+000  +0.0000e+000  +1.0059e+001  +6.8067e+000  +1.1570e+001  +7.9157e-003  +1.0735e-002  +9.2274e-003  +2.3165e+001  +2.3029e+000  +9.9355e-001  
-2.9000e+000  +2.5000e+000  +0.0000e+000  +1.0012e+001  +6.5602e+000  +1.2241e+001  +5.9847e-003  +7.7383e-003  +6.8095e-003  +2.1518e+001  +2.1493e+000  +9.9812e-001  
-2.8000e+000  +5.0000e-001  +0.0000e+000  +4.9885e+001  +3.8594e+000  +1.0018e+001  +7.3534e-002  +1.0174e+000  +7.9954e-001  +7.4474e+000  +1.4929e-001  +5.9047e-002  
-2.8000e+000  +6.0000e-001  +0.0000e+000  +4.4477e+001  +4.2907e+000  +1.0018e+001  +7.0980e-002  +1.0176e+000  +7.7516e-001  +9.2050e+000  +2.0696e-001  +6.7065e-002  
-2.8000e+000  +7.0000e-001  +0.0000e+000  +3.9653e+001  +4.7749e+000  +1.0018e+001  +6.8775e-002  +1.0177e+000  +7.4781e-001  +1.1400e+001  +2.8748e-001  +7.6704e-002  
-2.8000e+000  +8.0000e-001  +0.0000e+000  +3.5352e+001  +5.3184e+000  +1.0018e+001  +6.6865e-002  +1.0178e+000  +7.1713e-001  +1.4142e+001  +4.0005e-001  +8.8413e-002  
-2.8000e+000  +9.0000e-001  +0.0000e+000  +3.1516e+001  +5.9284e+000  +1.0018e+001  +6.5207e-002  +1.0179e+000  +6.8270e-001  +1.7573e+001  +5.5759e-001  +1.0282e-001  
-2.8000e+000  +1.0000e+000  +0.0000e+000  +2.8096e+001  +6.6131e+000  +1.0018e+001  +6.3762e-002  +1.0180e+000  +6.4407e-001  +2.1867e+001  +7.7829e-001  +1.2084e-001  
-2.8000e+000  +1.1000e+000  +0.0000e+000  +2.5046e+001  +7.3815e+000  +1.0018e+001  +6.2502e-002  +1.0180e+000  +6.0073e-001  +2.7243e+001  +1.0877e+000  +1.4383e-001  
-2.8000e+000  +1.2000e+000  +0.0000e+000  +2.2326e+001  +8.2439e+000  +1.0018e+001  +6.1399e-002  +1.0181e+000  +5.5210e-001  +3.3981e+001  +1.5220e+000  +1.7394e-001  
-2.8000e+000  +1.3000e+000  +0.0000e+000  +1.9902e+001  +9.2111e+000  +1.0018e+001  +6.0432e-002  +1.0178e+000  +4.9754e-001  +4.2422e+001  +2.1315e+000  +2.1471e-001  
-2.8000e+000  +1.4000e+000  +0.0000e+000  +1.7742e+001  +1.0292e+001  +1.0018e+001  +5.9572e-002  +1.0152e+000  +4.3636e-001  +5.2960e+001  +2.9851e+000  +2.7234e-001  
-2.8000e+000  +1.5000e+000  +0.0000e+000  +1.5821e+001  +1.1472e+001  +1.0019e+001  +5.8748e-002  +9.9858e-001  +3.6792e-001  +6.5804e+001  +4.1593e+000  +3.5750e-001  
-2.8000e+000  +1.6000e+000  +0.0000e+000  +1.4130e+001  +1.2623e+001  +1.0020e+001  +5.7677e-002  +9.2122e-001  +2.9230e-001  +7.9675e+001  +5.6387e+000  +4.8457e-001  
-2.8000e+000  +1.7000e+000  +0.0000e+000  +1.2694e+001  +1.3278e+001  +1.0027e+001  +5.5390e-002  +6.9434e-001  +2.1225e-001  +8.8147e+001  +6.9439e+000  +6.5278e-001  
-2.8000e+000  +1.8000e+000  +0.0000e+000  +1.1577e+001  +1.2715e+001  +1.0052e+001  +4.9718e-002  +3.6925e-001  +1.3629e-001  +8.0832e+001  +6.9819e+000  +8.1192e-001  
-2.8000e+000  +1.9000e+000  +0.0000e+000  +1.0839e+001  +1.1021e+001  +1.0127e+001  +3.9208e-002  +1.5373e-001  +7.7560e-002  +6.0733e+001  +5.6033e+000  +9.0951e-001  
-2.8000e+000  +2.0000e+000  +0.0000e+000  +1.0442e+001  +9.2231e+000  +1.0302e+001  +2.7383e-002  +6.6098e-002  +4.2668e-002  +4.2533e+001  +4.0733e+000  +9.5465e-001  
-2.8000e+000  +2.1000e+000  +0.0000e+000  +1.0250e+001  +7.9455e+000  +1.0604e+001  +1.8551e-002  +3.3754e-002  +2.5098e-002  +3.1565e+001  +3.0795e+000  +9.7463e-001  
-2.8000e+000  +2.2000e+000  +0.0000e+000  +1.0151e+001  +7.1650e+000  +1.1036e+001  +1.2967e-002  +2.0183e-002  +1.6205e-002  +2.5669e+001  +2.5287e+000  +9.8456e-001  
-2.8000e+000  +2.3000e+000  +0.0000e+000  +1.0090e+001  +6.7193e+000  +1.1592e+001  +9.4828e-003  +1.3495e-002  +1.1320e-002  +2.2575e+001  +2.2373e+000  +9.9056e-001  
-2.8000e+000  +2.4000e+000  +0.0000e+000  +1.0047e+001  +6.4871e+000  +1.2275e+001  +7.2169e-003  +9.7289e-003  +8.3817e-003  +2.1042e+001  +2.0943e+000  +9.9473e-001  
-2.8000e+000  +2.5000e+000  +0.0000e+000  +1.0006e+001  +6.4034e+000  +1.3083e+001  +5.6803e-003  +7.4035e-003  +6.4883e-003  +2.0502e+001  +2.0489e+000  +9.9861e-001  
-2.7000e+000  +5.0000e-001  +0.0000e+000  +4.4883e+001  +3.8579e+000  +1.0023e+001  +7.3509e-002  +1.0218e+000  +7.7720e-001  +7.4416e+000  +1.6580e-001  +6.7460e-002  
-2.7000e+000  +6.0000e-001  +0.0000e+000  +4.0019e+001  +4.2891e+000  +1.0023e+001  +7.0957e-002  +1.0220e+000  +7.5012e-001  +9.1982e+000  +2.2985e-001  +7.6968e-002  
-2.7000e+000  +7.0000e-001  +0.0000e+000  +3.5680e+001  +4.7732e+000  +1.0023e+001  +6.8754e-002  +1.0221e+000  +7.1973e-001  +1.1392e+001  +3.1928e-001  +8.8511e-002  
-2.7000e+000  +8.0000e-001  +0.0000e+000  +3.1811e+001  +5.3167e+000  +1.0023e+001  +6.6846e-002  +1.0223e+000  +6.8564e-001  +1.4134e+001  +4.4430e-001  +1.0270e-001  
-2.7000e+000  +9.0000e-001  +0.0000e+000  +2.8360e+001  +5.9267e+000  +1.0023e+001  +6.5189e-002  +1.0224e+000  +6.4739e-001  +1.7563e+001  +6.1929e-001  +1.2043e-001  
-2.7000e+000  +1.0000e+000  +0.0000e+000  +2.5282e+001  +6.6113e+000  +1.0023e+001  +6.3746e-002  +1.0225e+000  +6.0447e-001  +2.1855e+001  +8.6443e-001  +1.4301e-001  
-2.7000e+000  +1.1000e+000  +0.0000e+000  +2.2538e+001  +7.3797e+000  +1.0023e+001  +6.2487e-002  +1.0226e+000  +5.5631e-001  +2.7230e+001  +1.2082e+000  +1.7251e-001  
-2.7000e+000  +1.2000e+000  +0.0000e+000  +2.0092e+001  +8.2416e+000  +1.0023e+001  +6.1385e-002  +1.0224e+000  +5.0229e-001  +3.3962e+001  +1.6903e+000  +2.1233e-001  
-2.7000e+000  +1.3000e+000  +0.0000e+000  +1.7912e+001  +9.2053e+000  +1.0023e+001  +6.0410e-002  +1.0201e+000  +4.4170e-001  +4.2369e+001  +2.3654e+000  +2.6840e-001  
-2.7000e+000  +1.4000e+000  +0.0000e+000  +1.5973e+001  +1.0261e+001  +1.0024e+001  +5.9496e-002  +1.0052e+000  +3.7393e-001  +5.2647e+001  +3.2961e+000  +3.5092e-001  
-2.7000e+000  +1.5000e+000  +0.0000e+000  +1.4266e+001  +1.1308e+001  +1.0025e+001  +5.8391e-002  +9.3431e-001  +2.9905e-001  +6.3938e+001  +4.4817e+000  +4.7392e-001  
-2.7000e+000  +1.6000e+000  +0.0000e+000  +1.2818e+001  +1.1965e+001  +1.0033e+001  +5.6230e-002  +7.2075e-001  +2.1984e-001  +7.1579e+001  +5.5844e+000  +6.3808e-001  
-2.7000e+000  +1.7000e+000  +0.0000e+000  +1.1691e+001  +1.1624e+001  +1.0060e+001  +5.1078e-002  +4.0187e-001  +1.4468e-001  +6.7556e+001  +5.7785e+000  +7.9688e-001  
-2.7000e+000  +1.8000e+000  +0.0000e+000  +1.0937e+001  +1.0313e+001  +1.0140e+001  +4.1527e-002  +1.7776e-001  +8.5824e-002  +5.3176e+001  +4.8618e+000  +8.9782e-001  
-2.7000e+000  +1.9000e+000  +0.0000e+000  +1.0516e+001  +8.8338e+000  +1.0317e+001  +3.0283e-002  +8.0059e-002  +4.9340e-002  +3.9018e+001  +3.7102e+000  +9.4668e-001  
-2.7000e+000  +2.0000e+000  +0.0000e+000  +1.0303e+001  +7.7292e+000  +1.0621e+001  +2.1274e-002  +4.1862e-002  +2.9913e-002  +2.9870e+001  +2.8993e+000  +9.6925e-001  
-2.7000e+000  +2.1000e+000  +0.0000e+000  +1.0190e+001  +7.0303e+000  +1.1055e+001  +1.5224e-002  +2.5287e-002  +1.9644e-002  +2.4713e+001  +2.4251e+000  +9.8065e-001  
-2.7000e+000  +2.2000e+000  +0.0000e+000  +1.0122e+001  +6.6249e+000  +1.1616e+001  +1.1294e-002  +1.6985e-002  +1.3854e-002  +2.1945e+001  +2.1680e+000  +9.8740e-001  
-2.7000e+000  +2.3000e+000  +0.0000e+000  +1.0076e+001  +6.4145e+000  +1.2305e+001  +8.6732e-003  +1.2273e-002  +1.0317e-002  +2.0573e+001  +2.0418e+000  +9.9192e-001  
-2.7000e+000  +2.4000e+000  +0.0000e+000  +1.0041e+001  +6.3388e+000  +1.3129e+001  +6.8568e-003  +9.3373e-003  +8.0034e-003  +2.0090e+001  +2.0009e+000  +9.9531e-001  
-2.7000e+000  +2.5000e+000  +0.0000e+000  +1.0003e+001  +6.3659e+000  +1.4090e+001  +5.5567e-003  +7.3856e-003  +6.4131e-003  +2.0263e+001  +2.0256e+000  +9.9881e-001  
-2.6000e+000  +5.0000e-001  +0.0000e+000  +4.0429e+001  +3.8559e+000  +1.0029e+001  +7.3477e-002  +1.0272e+000  +7.5265e-001  +7.4340e+000  +1.8388e-001  +7.7256e-002  
-2.6000e+000  +6.0000e-001  +0.0000e+000  +3.6049e+001  +4.2871e+000  +1.0029e+001  +7.0928e-002  +1.0275e+000  +7.2260e-001  +9.1895e+000  +2.5492e-001  +8.8614e-002  
-2.6000e+000  +7.0000e-001  +0.0000e+000  +3.2142e+001  +4.7711e+000  +1.0029e+001  +6.8727e-002  +1.0277e+000  +6.8888e-001  +1.1382e+001  +3.5411e-001  +1.0257e-001  
-2.6000e+000  +8.0000e-001  +0.0000e+000  +2.8657e+001  +5.3145e+000  +1.0029e+001  +6.6821e-002  +1.0279e+000  +6.5104e-001  +1.4122e+001  +4.9280e-001  +1.1997e-001  
-2.6000e+000  +9.0000e-001  +0.0000e+000  +2.5549e+001  +5.9245e+000  +1.0029e+001  +6.5167e-002  +1.0281e+000  +6.0859e-001  +1.7550e+001  +6.8690e-001  +1.4209e-001  
-2.6000e+000  +1.0000e+000  +0.0000e+000  +2.2777e+001  +6.6090e+000  +1.0029e+001  +6.3726e-002  +1.0283e+000  +5.6096e-001  +2.1840e+001  +9.5884e-001  +1.7093e-001  
-2.6000e+000  +1.1000e+000  +0.0000e+000  +2.0306e+001  +7.3771e+000  +1.0029e+001  +6.2468e-002  +1.0282e+000  +5.0753e-001  +2.7211e+001  +1.3400e+000  +2.0973e-001  
-2.6000e+000  +1.2000e+000  +0.0000e+000  +1.8103e+001  +8.2363e+000  +1.0029e+001  +6.1360e-002  +1.0262e+000  +4.4760e-001  +3.3918e+001  +1.8737e+000  +2.6412e-001  
-2.6000e+000  +1.3000e+000  +0.0000e+000  +1.6144e+001  +9.1809e+000  +1.0029e+001  +6.0341e-002  +1.0130e+000  +3.8056e-001  +4.2145e+001  +2.6106e+000  +3.4381e-001  
-2.6000e+000  +1.4000e+000  +0.0000e+000  +1.4419e+001  +1.0132e+001  +1.0032e+001  +5.9187e-002  +9.4870e-001  +3.0648e-001  +5.1334e+001  +3.5601e+000  +4.6244e-001  
-2.6000e+000  +1.5000e+000  +0.0000e+000  +1.2955e+001  +1.0784e+001  +1.0040e+001  +5.7135e-002  +7.4927e-001  +2.2813e-001  +5.8145e+001  +4.4881e+000  +6.2212e-001  
-2.6000e+000  +1.6000e+000  +0.0000e+000  +1.1816e+001  +1.0624e+001  +1.0070e+001  +5.2469e-002  +4.3771e-001  +1.5373e-001  +5.6431e+001  +4.7758e+000  +7.8035e-001  
-2.6000e+000  +1.7000e+000  +0.0000e+000  +1.1045e+001  +9.6335e+000  +1.0154e+001  +4.3832e-002  +2.0521e-001  +9.4740e-002  +4.6402e+001  +4.2010e+000  +8.8475e-001  
-2.6000e+000  +1.8000e+000  +0.0000e+000  +1.0600e+001  +8.4369e+000  +1.0334e+001  +3.3242e-002  +9.6723e-002  +5.6759e-002  +3.5590e+001  +3.3577e+000  +9.3758e-001  
-2.6000e+000  +1.9000e+000  +0.0000e+000  +1.0363e+001  +7.4980e+000  +1.0640e+001  +2.4187e-002  +5.1843e-002  +3.5461e-002  +2.8110e+001  +2.7126e+000  +9.6299e-001  
-2.6000e+000  +2.0000e+000  +0.0000e+000  +1.0235e+001  +6.8832e+000  +1.1077e+001  +1.7732e-002  +3.1678e-002  +2.3712e-002  +2.3689e+001  +2.3146e+000  +9.7613e-001  
-2.6000e+000  +2.1000e+000  +0.0000e+000  +1.0159e+001  +6.5193e+000  +1.1644e+001  +1.3354e-002  +2.1380e-002  +1.6890e-002  +2.1251e+001  +2.0917e+000  +9.8370e-001  
-2.6000e+000  +2.2000e+000  +0.0000e+000  +1.0109e+001  +6.3328e+000  +1.2341e+001  +1.0356e-002  +1.5492e-002  +1.2659e-002  +2.0052e+001  +1.9836e+000  +9.8869e-001  
-2.6000e+000  +2.3000e+000  +0.0000e+000  +1.0072e+001  +6.2713e+000  +1.3175e+001  +8.2391e-003  +1.1806e-002  +9.8614e-003  +1.9664e+001  +1.9524e+000  +9.9227e-001  
-2.6000e+000  +2.4000e+000  +0.0000e+000  +1.0036e+001  +6.3060e+000  +1.4152e+001  +6.7022e-003  +9.3448e-003  +7.9214e-003  +1.9883e+001  +1.9811e+000  +9.9563e-001  
-2.6000e+000  +2.5000e+000  +0.0000e+000  +1.0009e+001  +6.4102e+000  +1.5295e+001  +5.5413e-003  +7.5952e-003  +6.5030e-003  +2.0546e+001  +2.0528e+000  +9.9822e-001  
-2.5000e+000  +5.0000e-001  +0.0000e+000  +3.6463e+001  +3.8534e+000  +1.0036e+001  +7.3437e-002  +1.0340e+000  +7.2575e-001  +7.4242e+000  +2.0361e-001  +8.8717e-002  
-2.5000e+000  +6.0000e-001  +0.0000e+000  +3.2514e+001  +4.2844e+000  +1.0036e+001  +7.0891e-002  +1.0344e+000  +6.9244e-001  +9.1782e+000  +2.8228e-001  +1.0240e-001  
-2.5000e+000  +7.0000e-001  +0.0000e+000  +2.8991e+001  +4.7684e+000  +1.0036e+001  +6.8693e-002  +1.0347e+000  +6.5507e-001  +1.1369e+001  +3.9215e-001  +1.1944e-001  
-2.5000e+000  +8.0000e-001  +0.0000e+000  +2.5849e+001  +5.3117e+000  +1.0036e+001  +6.6790e-002  +1.0350e+000  +6.1313e-001  +1.4107e+001  +5.4576e-001  +1.4107e-001  
-2.5000e+000  +9.0000e-001  +0.0000e+000  +2.3046e+001  +5.9215e+000  +1.0036e+001  +6.5138e-002  +1.0352e+000  +5.6608e-001  +1.7532e+001  +7.6076e-001  +1.6919e-001  
-2.5000e+000  +1.0000e+000  +0.0000e+000  +2.0546e+001  +6.6058e+000  +1.0036e+001  +6.3700e-002  +1.0352e+000  +5.1330e-001  +2.1819e+001  +1.0619e+000  +2.0688e-001  
-2.5000e+000  +1.1000e+000  +0.0000e+000  +1.8318e+001  +7.3719e+000  +1.0036e+001  +6.2438e-002  +1.0337e+000  +4.5410e-001  +2.7172e+001  +1.4833e+000  +2.5947e-001  
-2.5000e+000  +1.2000e+000  +0.0000e+000  +1.6336e+001  +8.2167e+000  +1.0037e+001  +6.1295e-002  +1.0221e+000  +3.8787e-001  +3.3757e+001  +2.0664e+000  +3.3615e-001  
-2.5000e+000  +1.3000e+000  +0.0000e+000  +1.4591e+001  +9.0809e+000  +1.0039e+001  +6.0075e-002  +9.6458e-001  +3.1465e-001  +4.1231e+001  +2.8258e+000  +4.5009e-001  
-2.5000e+000  +1.4000e+000  +0.0000e+000  +1.3109e+001  +9.7200e+000  +1.0049e+001  +5.8112e-002  +7.7995e-001  +2.3718e-001  +4.7239e+001  +3.6035e+000  +6.0486e-001  
-2.5000e+000  +1.5000e+000  +0.0000e+000  +1.1954e+001  +9.7057e+000  +1.0082e+001  +5.3891e-002  +4.7708e-001  +1.6348e-001  +4.7100e+001  +3.9402e+000  +7.6219e-001  
-2.5000e+000  +1.6000e+000  +0.0000e+000  +1.1164e+001  +8.9839e+000  +1.0170e+001  +4.6115e-002  +2.3656e-001  +1.0435e-001  +4.0355e+001  +3.6147e+000  +8.7011e-001  
-2.5000e+000  +1.7000e+000  +0.0000e+000  +1.0693e+001  +8.0349e+000  +1.0354e+001  +3.6231e-002  +1.1657e-001  +6.4965e-002  +3.2280e+001  +3.0188e+000  +9.2715e-001  
-2.5000e+000  +1.8000e+000  +0.0000e+000  +1.0433e+001  +7.2513e+000  +1.0663e+001  +2.7251e-002  +6.4074e-002  +4.1793e-002  +2.6290e+001  +2.5200e+000  +9.5566e-001  
-2.5000e+000  +1.9000e+000  +0.0000e+000  +1.0287e+001  +6.7213e+000  +1.1104e+001  +2.0471e-002  +3.9653e-002  +2.8475e-002  +2.2588e+001  +2.1957e+000  +9.7075e-001  
-2.5000e+000  +2.0000e+000  +0.0000e+000  +1.0201e+001  +6.4038e+000  +1.1676e+001  +1.5671e-002  +2.6937e-002  +2.0521e-002  +2.0504e+001  +2.0101e+000  +9.7953e-001  
-2.5000e+000  +2.1000e+000  +0.0000e+000  +1.0144e+001  +6.2438e+000  +1.2381e+001  +1.2284e-002  +1.9589e-002  +1.5493e-002  +1.9493e+001  +1.9217e+000  +9.8522e-001  
-2.5000e+000  +2.2000e+000  +0.0000e+000  +1.0103e+001  +6.1984e+000  +1.3226e+001  +9.8429e-003  +1.4960e-002  +1.2128e-002  +1.9210e+001  +1.9014e+000  +9.8920e-001  
-2.5000e+000  +2.3000e+000  +0.0000e+000  +1.0067e+001  +6.2425e+000  +1.4218e+001  +8.0425e-003  +1.1856e-002  +9.7725e-003  +1.9484e+001  +1.9356e+000  +9.9266e-001  
-2.5000e+000  +2.4000e+000  +0.0000e+000  +1.0039e+001  +6.3530e+000  +1.5380e+001  +6.6689e-003  +9.6459e-003  +8.0408e-003  +2.0180e+001  +2.0102e+000  +9.9527e-001  
-2.5000e+000  +2.5000e+000  +0.0000e+000  +1.0013e+001  +6.5206e+000  +1.6728e+001  +5.5996e-003  +8.0126e-003  +6.7296e-003  +2.1259e+001  +2.1231e+000  +9.9766e-001  
-2.4000e+000  +5.0000e-001  +0.0000e+000  +3.2933e+001  +3.8501e+000  +1.0046e+001  +7.3387e-002  +1.0425e+000  +6.9635e-001  +7.4115e+000  +2.2505e-001  +1.0220e-001  
-2.4000e+000  +6.0000e-001  +0.0000e+000  +2.9367e+001  +4.2810e+000  +1.0046e+001  +7.0845e-002  +1.0429e+000  +6.5949e-001  +9.1635e+000  +3.1203e-001  +1.1885e-001  
-2.4000e+000  +7.0000e-001  +0.0000e+000  +2.6186e+001  +4.7648e+000  +1.0046e+001  +6.8651e-002  +1.0434e+000  +6.1812e-001  +1.1352e+001  +4.3350e-001  +1.3993e-001  
-2.4000e+000  +8.0000e-001  +0.0000e+000  +2.3349e+001  +5.3080e+000  +1.0046e+001  +6.6751e-002  +1.0438e+000  +5.7171e-001  +1.4088e+001  +6.0335e-001  +1.6726e-001  
-2.4000e+000  +9.0000e-001  +0.0000e+000  +2.0818e+001  +5.9176e+000  +1.0046e+001  +6.5102e-002  +1.0439e+000  +5.1964e-001  +1.7509e+001  +8.4106e-001  +2.0376e-001  
-2.4000e+000  +1.0000e+000  +0.0000e+000  +1.8561e+001  +6.6004e+000  +1.0046e+001  +6.3662e-002  +1.0428e+000  +4.6124e-001  +2.1783e+001  +1.1736e+000  +2.5443e-001  
-2.4000e+000  +1.1000e+000  +0.0000e+000  +1.6554e+001  +7.3558e+000  +1.0046e+001  +6.2374e-002  +1.0329e+000  +3.9590e-001  +2.7054e+001  +1.6343e+000  +3.2791e-001  
-2.4000e+000  +1.2000e+000  +0.0000e+000  +1.4785e+001  +8.1398e+000  +1.0049e+001  +6.1067e-002  +9.8216e-001  +3.2363e-001  +3.3128e+001  +2.2407e+000  +4.3685e-001  
-2.4000e+000  +1.3000e+000  +0.0000e+000  +1.3281e+001  +8.7609e+000  +1.0059e+001  +5.9168e-002  +8.1301e-001  +2.4704e-001  +3.8376e+001  +2.8896e+000  +5.8623e-001  
-2.4000e+000  +1.4000e+000  +0.0000e+000  +1.2106e+001  +8.8624e+000  +1.0095e+001  +5.5347e-002  +5.2033e-001  +1.7399e-001  +3.9271e+001  +3.2439e+000  +7.4225e-001  
-2.4000e+000  +1.5000e+000  +0.0000e+000  +1.1295e+001  +8.3632e+000  +1.0188e+001  +4.8368e-002  +2.7227e-001  +1.1469e-001  +3.4971e+001  +3.0962e+000  +8.5370e-001  
-2.4000e+000  +1.6000e+000  +0.0000e+000  +1.0798e+001  +7.6298e+000  +1.0378e+001  +3.9219e-002  +1.4012e-001  +7.3987e-002  +2.9107e+001  +2.6957e+000  +9.1519e-001  
-2.4000e+000  +1.7000e+000  +0.0000e+000  +1.0512e+001  +6.9917e+000  +1.0690e+001  +3.0435e-002  +7.9074e-002  +4.8984e-002  +2.4442e+001  +2.3252e+000  +9.4710e-001  
-2.4000e+000  +1.8000e+000  +0.0000e+000  +1.0348e+001  +6.5461e+000  +1.1135e+001  +2.3424e-002  +4.9622e-002  +3.4026e-002  +2.1426e+001  +2.0705e+000  +9.6444e-001  
-2.4000e+000  +1.9000e+000  +0.0000e+000  +1.0248e+001  +6.2771e+000  +1.1713e+001  +1.8238e-002  +3.3966e-002  +2.4830e-002  +1.9701e+001  +1.9224e+000  +9.7467e-001  
-2.4000e+000  +2.0000e+000  +0.0000e+000  +1.0182e+001  +6.1458e+000  +1.2427e+001  +1.4462e-002  +2.4807e-002  +1.8901e-002  +1.8885e+001  +1.8547e+000  +9.8128e-001  
-2.4000e+000  +2.1000e+000  +0.0000e+000  +1.0136e+001  +6.1183e+000  +1.3283e+001  +1.1678e-002  +1.8997e-002  +1.4878e-002  +1.8717e+001  +1.8465e+000  +9.8587e-001  
-2.4000e+000  +2.2000e+000  +0.0000e+000  +1.0101e+001  +6.1712e+000  +1.4296e+001  +9.5831e-003  +1.5069e-002  +1.2023e-002  +1.9042e+001  +1.8851e+000  +9.8928e-001  
-2.4000e+000  +2.3000e+000  +0.0000e+000  +1.0073e+001  +6.2889e+000  +1.5479e+001  +7.9716e-003  +1.2276e-002  +9.9185e-003  +1.9775e+001  +1.9632e+000  +9.9199e-001  
-2.4000e+000  +2.4000e+000  +0.0000e+000  +1.0041e+001  +6.4639e+000  +1.6845e+001  +6.7122e-003  +1.0218e-002  +8.3254e-003  +2.0891e+001  +2.0806e+000  +9.9490e-001  
-2.4000e+000  +2.5000e+000  +0.0000e+000  +1.0016e+001  +6.6837e+000  +1.8434e+001  +5.6985e-003  +8.6348e-003  +7.0719e-003  +2.2336e+001  +2.2301e+000  +9.9722e-001  
-2.3000e+000  +5.0000e-001  +0.0000e+000  +2.9792e+001  +3.8458e+000  +1.0057e+001  +7.3325e-002  +1.0529e+000  +6.6434e-001  +7.3951e+000  +2.4823e-001  +1.1816e-001  
-2.3000e+000  +6.0000e-001  +0.0000e+000  +2.6567e+001  +4.2765e+000  +1.0057e+001  +7.0787e-002  +1.0536e+000  +6.2360e-001  +9.1444e+000  +3.4420e-001  +1.3864e-001  
-2.3000e+000  +7.0000e-001  +0.0000e+000  +2.3690e+001  +4.7602e+000  +1.0057e+001  +6.8597e-002  +1.0542e+000  +5.7789e-001  +1.1330e+001  +4.7824e-001  +1.6512e-001  
-2.3000e+000  +8.0000e-001  +0.0000e+000  +2.1124e+001  +5.3031e+000  +1.0057e+001  +6.6702e-002  +1.0546e+000  +5.2661e-001  +1.4062e+001  +6.6567e-001  +2.0034e-001  
-2.3000e+000  +9.0000e-001  +0.0000e+000  +1.8835e+001  +5.9116e+000  +1.0057e+001  +6.5054e-002  +1.0539e+000  +4.6909e-001  +1.7474e+001  +9.2769e-001  +2.4897e-001  
-2.3000e+000  +1.0000e+000  +0.0000e+000  +1.6799e+001  +6.5867e+000  +1.0058e+001  +6.3595e-002  +1.0457e+000  +4.0471e-001  +2.1692e+001  +1.2913e+000  +3.1907e-001  
-2.3000e+000  +1.1000e+000  +0.0000e+000  +1.5003e+001  +7.2970e+000  +1.0060e+001  +6.2177e-002  +1.0017e+000  +3.3346e-001  +2.6623e+001  +1.7745e+000  +4.2271e-001  
-2.3000e+000  +1.2000e+000  +0.0000e+000  +1.3473e+001  +7.8952e+000  +1.0072e+001  +6.0311e-002  +8.4863e-001  +2.5781e-001  +3.1167e+001  +2.3132e+000  +5.6613e-001  
-2.3000e+000  +1.3000e+000  +0.0000e+000  +1.2275e+001  +8.0864e+000  +1.0111e+001  +5.6839e-002  +5.6774e-001  +1.8532e-001  +3.2695e+001  +2.6636e+000  +7.2038e-001  
-2.3000e+000  +1.4000e+000  +0.0000e+000  +1.1439e+001  +7.7723e+000  +1.0209e+001  +5.0596e-002  +3.1309e-001  +1.2585e-001  +3.0204e+001  +2.6405e+000  +8.3525e-001  
-2.3000e+000  +1.5000e+000  +0.0000e+000  +1.0914e+001  +7.2256e+000  +1.0404e+001  +4.2186e-002  +1.6812e-001  +8.3903e-002  +2.6105e+001  +2.3918e+000  +9.0146e-001  
-2.3000e+000  +1.6000e+000  +0.0000e+000  +1.0603e+001  +6.7200e+000  +1.0722e+001  +3.3691e-002  +9.7412e-002  +5.7082e-002  +2.2579e+001  +2.1294e+000  +9.3706e-001  
-2.3000e+000  +1.7000e+000  +0.0000e+000  +1.0419e+001  +6.3568e+000  +1.1172e+001  +2.6548e-002  +6.2060e-002  +4.0435e-002  +2.0204e+001  +1.9393e+000  +9.5693e-001  
-2.3000e+000  +1.8000e+000  +0.0000e+000  +1.0303e+001  +6.1383e+000  +1.1757e+001  +2.1035e-002  +4.2861e-002  +2.9910e-002  +1.8839e+001  +1.8285e+000  +9.6891e-001  
-2.3000e+000  +1.9000e+000  +0.0000e+000  +1.0229e+001  +6.0364e+000  +1.2482e+001  +1.6876e-002  +3.1451e-002  +2.2962e-002  +1.8219e+001  +1.7812e+000  +9.7654e-001  
-2.3000e+000  +2.0000e+000  +0.0000e+000  +1.0176e+001  +6.0281e+000  +1.3352e+001  +1.3739e-002  +2.4164e-002  +1.8185e-002  +1.8169e+001  +1.7855e+000  +9.8185e-001  
-2.3000e+000  +2.1000e+000  +0.0000e+000  +1.0133e+001  +6.0954e+000  +1.4379e+001  +1.1343e-002  +1.9225e-002  +1.4769e-002  +1.8577e+001  +1.8333e+000  +9.8600e-001  
-2.3000e+000  +2.2000e+000  +0.0000e+000  +1.0101e+001  +6.2218e+000  +1.5584e+001  +9.4696e-003  +1.5690e-002  +1.2223e-002  +1.9355e+001  +1.9161e+000  +9.8909e-001  
-2.3000e+000  +2.3000e+000  +0.0000e+000  +1.0074e+001  +6.3996e+000  +1.6986e+001  +7.9830e-003  +1.3065e-002  +1.0273e-002  +2.0477e+001  +2.0326e+000  +9.9167e-001  
-2.3000e+000  +2.4000e+000  +0.0000e+000  +1.0049e+001  +6.6226e+000  +1.8613e+001  +6.7835e-003  +1.1053e-002  +8.7401e-003  +2.1929e+001  +2.1822e+000  +9.9398e-001  
-2.3000e+000  +2.5000e+000  +0.0000e+000  +1.0024e+001  +6.8866e+000  +2.0493e+001  +5.8013e-003  +9.4698e-003  +7.5090e-003  +2.3713e+001  +2.3656e+000  +9.9621e-001  
-2.2000e+000  +5.0000e-001  +0.0000e+000  +2.6997e+001  +3.8402e+000  +1.0071e+001  +7.3248e-002  +1.0660e+000  +6.2959e-001  +7.3737e+000  +2.7313e-001  +1.3718e-001  
-2.2000e+000  +6.0000e-001  +0.0000e+000  +2.4076e+001  +4.2707e+000  +1.0071e+001  +7.0715e-002  +1.0669e+000  +5.8465e-001  +9.1196e+000  +3.7878e-001  +1.6274e-001  
-2.2000e+000  +7.0000e-001  +0.0000e+000  +2.1470e+001  +4.7541e+000  +1.0071e+001  +6.8531e-002  +1.0676e+000  +5.3423e-001  +1.1301e+001  +5.2635e-001  +1.9658e-001  
-2.2000e+000  +8.0000e-001  +0.0000e+000  +1.9145e+001  +5.2961e+000  +1.0071e+001  +6.6638e-002  +1.0674e+000  +4.7768e-001  +1.4025e+001  +7.3253e-001  +2.4305e-001  
-2.2000e+000  +9.0000e-001  +0.0000e+000  +1.7076e+001  +5.8991e+000  +1.0072e+001  +6.4978e-002  +1.0609e+000  +4.1437e-001  +1.7400e+001  +1.0190e+000  +3.0958e-001  
-2.2000e+000  +1.0000e+000  +0.0000e+000  +1.5249e+001  +6.5416e+000  +1.0075e+001  +6.3419e-002  +1.0235e+000  +3.4422e-001  +2.1396e+001  +1.4031e+000  +4.0762e-001  
-2.2000e+000  +1.1000e+000  +0.0000e+000  +1.3690e+001  +7.1127e+000  +1.0087e+001  +6.1552e-002  +8.8697e-001  +2.6953e-001  +2.5295e+001  +1.8478e+000  +5.4456e-001  
-2.2000e+000  +1.2000e+000  +0.0000e+000  +1.2462e+001  +7.3719e+000  +1.0129e+001  +5.8374e-002  +6.1986e-001  +1.9757e-001  +2.7173e+001  +2.1805e+000  +6.9634e-001  
-2.2000e+000  +1.3000e+000  +0.0000e+000  +1.1599e+001  +7.2092e+000  +1.0233e+001  +5.2788e-002  +3.5960e-001  +1.3786e-001  +2.5986e+001  +2.2405e+000  +8.1450e-001  
-2.2000e+000  +1.4000e+000  +0.0000e+000  +1.1045e+001  +6.8225e+000  +1.0434e+001  +4.5099e-002  +2.0126e-001  +9.4715e-002  +2.3273e+001  +2.1071e+000  +8.8564e-001  
-2.2000e+000  +1.5000e+000  +0.0000e+000  +1.0707e+001  +6.4387e+000  +1.0758e+001  +3.6980e-002  +1.1986e-001  +6.6163e-002  +2.0728e+001  +1.9359e+000  +9.2529e-001  
-2.2000e+000  +1.6000e+000  +0.0000e+000  +1.0499e+001  +6.1555e+000  +1.1216e+001  +2.9808e-002  +7.7632e-002  +4.7808e-002  +1.8945e+001  +1.8044e+000  +9.4806e-001  
-2.2000e+000  +1.7000e+000  +0.0000e+000  +1.0368e+001  +5.9861e+000  +1.1810e+001  +2.4021e-002  +5.4114e-002  +3.5843e-002  +1.7917e+001  +1.7281e+000  +9.6195e-001  
-2.2000e+000  +1.8000e+000  +0.0000e+000  +1.0280e+001  +5.9171e+000  +1.2545e+001  +1.9516e-002  +3.9964e-002  +2.7794e-002  +1.7506e+001  +1.7029e+000  +9.7104e-001  
-2.2000e+000  +1.9000e+000  +0.0000e+000  +1.0218e+001  +5.9298e+000  +1.3431e+001  +1.6027e-002  +3.0830e-002  +2.2163e-002  +1.7581e+001  +1.7206e+000  +9.7734e-001  
-2.2000e+000  +2.0000e+000  +0.0000e+000  +1.0172e+001  +6.0096e+000  +1.4480e+001  +1.3303e-002  +2.4584e-002  +1.8078e-002  +1.8058e+001  +1.7752e+000  +9.8194e-001  
-2.2000e+000  +2.1000e+000  +0.0000e+000  +1.0137e+001  +6.1454e+000  +1.5711e+001  +1.1148e-002  +2.0109e-002  +1.5015e-002  +1.8883e+001  +1.8629e+000  +9.8549e-001  
-2.2000e+000  +2.2000e+000  +0.0000e+000  +1.0107e+001  +6.3296e+000  +1.7146e+001  +9.4187e-003  +1.6776e-002  +1.2653e-002  +2.0032e+001  +1.9820e+000  +9.8837e-001  
-2.2000e+000  +2.3000e+000  +0.0000e+000  +1.0080e+001  +6.5568e+000  +1.8812e+001  +8.0114e-003  +1.4216e-002  +1.0786e-002  +2.1496e+001  +2.1324e+000  +9.9085e-001  
-2.2000e+000  +2.4000e+000  +0.0000e+000  +1.0055e+001  +6.8232e+000  +2.0742e+001  +6.8515e-003  +1.2197e-002  +9.2802e-003  +2.3278e+001  +2.3151e+000  +9.9314e-001  
-2.2000e+000  +2.5000e+000  +0.0000e+000  +1.0029e+001  +7.1266e+000  +2.2973e+001  +5.8852e-003  +1.0571e-002  +8.0444e-003  +2.5394e+001  +2.5321e+000  +9.9539e-001  
-2.1000e+000  +5.0000e-001  +0.0000e+000  +2.4513e+001  +3.8330e+000  +1.0089e+001  +7.3152e-002  +1.0821e+000  +5.9205e-001  +7.3458e+000  +2.9967e-001  +1.6006e-001  
-2.1000e+000  +6.0000e-001  +0.0000e+000  +2.1861e+001  +4.2631e+000  +1.0089e+001  +7.0626e-002  +1.0833e+000  +5.4257e-001  +9.0869e+000  +4.1566e-001  +1.9243e-001  
-2.1000e+000  +7.0000e-001  +0.0000e+000  +1.9496e+001  +4.7457e+000  +1.0089e+001  +6.8446e-002  +1.0837e+000  +4.8707e-001  +1.1261e+001  +5.7760e-001  +2.3661e-001  
-2.1000e+000  +8.0000e-001  +0.0000e+000  +1.7389e+001  +5.2838e+000  +1.0090e+001  +6.6548e-002  +1.0790e+000  +4.2492e-001  +1.3959e+001  +8.0278e-001  +2.9943e-001  
-2.1000e+000  +9.0000e-001  +0.0000e+000  +1.5527e+001  +5.8639e+000  +1.0093e+001  +6.4814e-002  +1.0480e+000  +3.5598e-001  +1.7192e+001  +1.1072e+000  +3.9158e-001  
-2.1000e+000  +1.0000e+000  +0.0000e+000  +1.3933e+001  +6.4046e+000  +1.0106e+001  +6.2903e-002  +9.2828e-001  +2.8230e-001  +2.0509e+001  +1.4720e+000  +5.2143e-001  
-2.1000e+000  +1.1000e+000  +0.0000e+000  +1.2671e+001  +6.7128e+000  +1.0151e+001  +5.9956e-002  +6.7701e-001  +2.1082e-001  +2.2531e+001  +1.7781e+000  +6.6997e-001  
-2.1000e+000  +1.2000e+000  +0.0000e+000  +1.1776e+001  +6.6735e+000  +1.0260e+001  +5.4948e-002  +4.1270e-001  +1.5082e-001  +2.2268e+001  +1.8910e+000  +7.9110e-001  
-2.1000e+000  +1.3000e+000  +0.0000e+000  +1.1192e+001  +6.4240e+000  +1.0469e+001  +4.7947e-002  +2.4064e-001  +1.0653e-001  +2.0634e+001  +1.8437e+000  +8.6737e-001  
-2.1000e+000  +1.4000e+000  +0.0000e+000  +1.0825e+001  +6.1494e+000  +1.0801e+001  +4.0254e-002  +1.4733e-001  +7.6292e-002  +1.8907e+001  +1.7467e+000  +9.1145e-001  
-2.1000e+000  +1.5000e+000  +0.0000e+000  +1.0594e+001  +5.9414e+000  +1.1267e+001  +3.3139e-002  +9.7089e-002  +5.6205e-002  +1.7650e+001  +1.6661e+000  +9.3743e-001  
-2.1000e+000  +1.6000e+000  +0.0000e+000  +1.0444e+001  +5.8216e+000  +1.1873e+001  +2.7155e-002  +6.8406e-002  +4.2740e-002  +1.6946e+001  +1.6226e+000  +9.5359e-001  
-2.1000e+000  +1.7000e+000  +0.0000e+000  +1.0342e+001  +5.7852e+000  +1.2622e+001  +2.2335e-002  +5.0869e-002  +3.3481e-002  +1.6734e+001  +1.6181e+000  +9.6428e-001  
-2.1000e+000  +1.8000e+000  +0.0000e+000  +1.0270e+001  +5.8199e+000  +1.3526e+001  +1.8503e-002  +3.9429e-002  +2.6896e-002  +1.6936e+001  +1.6490e+000  +9.7173e-001  
-2.1000e+000  +1.9000e+000  +0.0000e+000  +1.0217e+001  +5.9147e+000  +1.4599e+001  +1.5451e-002  +3.1552e-002  +2.2057e-002  +1.7492e+001  +1.7121e+000  +9.7718e-001  
-2.1000e+000  +2.0000e+000  +0.0000e+000  +1.0175e+001  +6.0610e+000  +1.5859e+001  +1.2999e-002  +2.5881e-002  +1.8395e-002  +1.8368e+001  +1.8052e+000  +9.8135e-001  
-2.1000e+000  +2.1000e+000  +0.0000e+000  +1.0141e+001  +6.2525e+000  +1.7330e+001  +1.1008e-002  +2.1643e-002  +1.5548e-002  +1.9547e+001  +1.9275e+000  +9.8469e-001  
-2.1000e+000  +2.2000e+000  +0.0000e+000  +1.0112e+001  +6.4847e+000  +1.9042e+001  +9.3722e-003  +1.8380e-002  +1.3285e-002  +2.1026e+001  +2.0793e+000  +9.8750e-001  
-2.1000e+000  +2.3000e+000  +0.0000e+000  +1.0085e+001  +6.7543e+000  +2.1027e+001  +8.0149e-003  +1.5802e-002  +1.1451e-002  +2.2810e+001  +2.2619e+000  +9.9001e-001  
-2.1000e+000  +2.4000e+000  +0.0000e+000  +1.0066e+001  +7.0569e+000  +2.3344e+001  +6.8715e-003  +1.3709e-002  +9.9292e-003  +2.4900e+001  +2.4737e+000  +9.9184e-001  
-2.1000e+000  +2.5000e+000  +0.0000e+000  +1.0038e+001  +7.3956e+000  +2.6006e+001  +5.9118e-003  +1.2002e-002  +8.6662e-003  +2.7348e+001  +2.7243e+000  +9.9409e-001  
-2.0000e+000  +5.0000e-001  +0.0000e+000  +2.2305e+001  +3.8234e+000  +1.0111e+001  +7.3034e-002  +1.1021e+000  +5.5167e-001  +7.3092e+000  +3.2769e-001  +1.8784e-001  
-2.0000e+000  +6.0000e-001  +0.0000e+000  +1.9893e+001  +4.2528e+000  +1.0111e+001  +7.0514e-002  +1.1033e+000  +4.9731e-001  +9.0430e+000  +4.5458e-001  +2.2960e-001  
-2.0000e+000  +7.0000e-001  +0.0000e+000  +1.7744e+001  +4.7326e+000  +1.0111e+001  +6.8333e-002  +1.1003e+000  +4.3643e-001  +1.1199e+001  +6.3113e-001  +2.8854e-001  
-2.0000e+000  +8.0000e-001  +0.0000e+000  +1.5843e+001  +5.2550e+000  +1.0114e+001  +6.6384e-002  +1.0756e+000  +3.6879e-001  +1.3808e+001  +8.7155e-001  +3.7455e-001  
-2.0000e+000  +9.0000e-001  +0.0000e+000  +1.4209e+001  +5.7627e+000  +1.0128e+001  +6.4381e-002  +9.7283e-001  +2.9620e-001  +1.6604e+001  +1.1686e+000  +4.9669e-001  
-2.0000e+000  +1.0000e+000  +0.0000e+000  +1.2906e+001  +6.1038e+000  +1.0176e+001  +6.1596e-002  +7.3970e-001  +2.2517e-001  +1.8628e+001  +1.4434e+000  +6.4103e-001  
-2.0000e+000  +1.1000e+000  +0.0000e+000  +1.1973e+001  +6.1637e+000  +1.0291e+001  +5.7076e-002  +4.7333e-001  +1.6481e-001  +1.8995e+001  +1.5865e+000  +7.6463e-001  
-2.0000e+000  +1.2000e+000  +0.0000e+000  +1.1355e+001  +6.0304e+000  +1.0509e+001  +5.0705e-002  +2.8732e-001  +1.1940e-001  +1.8183e+001  +1.6013e+000  +8.4619e-001  
-2.0000e+000  +1.3000e+000  +0.0000e+000  +1.0958e+001  +5.8535e+000  +1.0851e+001  +4.3467e-002  +1.8098e-001  +8.7539e-002  +1.7132e+001  +1.5634e+000  +8.9507e-001  
-2.0000e+000  +1.4000e+000  +0.0000e+000  +1.0702e+001  +5.7161e+000  +1.1328e+001  +3.6484e-002  +1.2147e-001  +6.5724e-002  +1.6337e+001  +1.5266e+000  +9.2468e-001  
-2.0000e+000  +1.5000e+000  +0.0000e+000  +1.0532e+001  +5.6448e+000  +1.1947e+001  +3.0374e-002  +8.6606e-002  +5.0704e-002  +1.5932e+001  +1.5127e+000  +9.4345e-001  
-2.0000e+000  +1.6000e+000  +0.0000e+000  +1.0415e+001  +5.6414e+000  +1.2714e+001  +2.5286e-002  +6.4916e-002  +4.0145e-002  +1.5913e+001  +1.5279e+000  +9.5604e-001  
-2.0000e+000  +1.7000e+000  +0.0000e+000  +1.0332e+001  +5.6983e+000  +1.3641e+001  +2.1127e-002  +5.0585e-002  +3.2495e-002  +1.6235e+001  +1.5713e+000  +9.6480e-001  
-2.0000e+000  +1.8000e+000  +0.0000e+000  +1.0270e+001  +5.8089e+000  +1.4742e+001  +1.7747e-002  +4.0651e-002  +2.6807e-002  +1.6872e+001  +1.6428e+000  +9.7127e-001  
-2.0000e+000  +1.9000e+000  +0.0000e+000  +1.0222e+001  +5.9665e+000  +1.6037e+001  +1.4988e-002  +3.3458e-002  +2.2455e-002  +1.7799e+001  +1.7412e+000  +9.7620e-001  
-2.0000e+000  +2.0000e+000  +0.0000e+000  +1.0184e+001  +6.1659e+000  +1.7552e+001  +1.2719e-002  +2.8062e-002  +1.9045e-002  +1.9009e+001  +1.8666e+000  +9.8012e-001  
-2.0000e+000  +2.1000e+000  +0.0000e+000  +1.0151e+001  +6.4034e+000  +1.9318e+001  +1.0837e-002  +2.3894e-002  +1.6315e-002  +2.0502e+001  +2.0197e+000  +9.8334e-001  
-2.0000e+000  +2.2000e+000  +0.0000e+000  +1.0122e+001  +6.6766e+000  +2.1371e+001  +9.2639e-003  +2.0594e-002  +1.4090e-002  +2.2288e+001  +2.2021e+000  +9.8613e-001  
-2.0000e+000  +2.3000e+000  +0.0000e+000  +1.0093e+001  +6.9837e+000  +2.3751e+001  +7.9396e-003  +1.7928e-002  +1.2248e-002  +2.4386e+001  +2.4160e+000  +9.8866e-001  
-2.0000e+000  +2.4000e+000  +0.0000e+000  +1.0073e+001  +7.3215e+000  +2.6528e+001  +6.8113e-003  +1.5723e-002  +1.0694e-002  +2.6802e+001  +2.6609e+000  +9.9059e-001  
-2.0000e+000  +2.5000e+000  +0.0000e+000  +1.0043e+001  +7.6937e+000  +2.9718e+001  +5.8567e-003  +1.3895e-002  +9.3853e-003  +2.9596e+001  +2.9469e+000  +9.9293e-001  
-1.9000e+000  +5.0000e-001  +0.0000e+000  +2.0344e+001  +3.8107e+000  +1.0137e+001  +7.2889e-002  +1.1266e+000  +5.0847e-001  +7.2606e+000  +3.5688e-001  +2.2195e-001  
-1.9000e+000  +6.0000e-001  +0.0000e+000  +1.8147e+001  +4.2379e+000  +1.0138e+001  +7.0372e-002  +1.1254e+000  +4.4896e-001  +8.9800e+000  +4.9484e-001  +2.7686e-001  
-1.9000e+000  +7.0000e-001  +0.0000e+000  +1.6201e+001  +4.7072e+000  +1.0141e+001  +6.8158e-002  +1.1067e+000  +3.8275e-001  +1.1079e+001  +6.8385e-001  +3.5649e-001  
-1.9000e+000  +8.0000e-001  +0.0000e+000  +1.4521e+001  +5.1798e+000  +1.0155e+001  +6.6007e-002  +1.0209e+000  +3.1133e-001  +1.3415e+001  +9.2387e-001  +4.7032e-001  
-1.9000e+000  +9.0000e-001  +0.0000e+000  +1.3170e+001  +5.5398e+000  +1.0205e+001  +6.3306e-002  +8.0831e-001  +2.4073e-001  +1.5345e+001  +1.1651e+000  +6.0932e-001  
-1.9000e+000  +1.0000e+000  +0.0000e+000  +1.2194e+001  +5.6779e+000  +1.0326e+001  +5.9177e-002  +5.4250e-001  +1.7993e-001  +1.6119e+001  +1.3219e+000  +7.3466e-001  
-1.9000e+000  +1.1000e+000  +0.0000e+000  +1.1539e+001  +5.6427e+000  +1.0554e+001  +5.3362e-002  +3.4277e-001  +1.3340e-001  +1.5920e+001  +1.3797e+000  +8.2151e-001  
-1.9000e+000  +1.2000e+000  +0.0000e+000  +1.1110e+001  +5.5519e+000  +1.0908e+001  +4.6571e-002  +2.2220e-001  +9.9965e-002  +1.5412e+001  +1.3872e+000  +8.7557e-001  
-1.9000e+000  +1.3000e+000  +0.0000e+000  +1.0827e+001  +5.4798e+000  +1.1399e+001  +3.9773e-002  +1.5206e-001  +7.6443e-002  +1.5014e+001  +1.3868e+000  +9.0922e-001  
-1.9000e+000  +1.4000e+000  +0.0000e+000  +1.0635e+001  +5.4554e+000  +1.2036e+001  +3.3602e-002  +1.0985e-001  +5.9831e-002  +1.4881e+001  +1.3992e+000  +9.3101e-001  
-1.9000e+000  +1.5000e+000  +0.0000e+000  +1.0501e+001  +5.4849e+000  +1.2824e+001  +2.8294e-002  +8.3083e-002  +4.7894e-002  +1.5042e+001  +1.4325e+000  +9.4581e-001  
-1.9000e+000  +1.6000e+000  +0.0000e+000  +1.0404e+001  +5.5657e+000  +1.3777e+001  +2.3843e-002  +6.5190e-002  +3.9104e-002  +1.5489e+001  +1.4888e+000  +9.5633e-001  
-1.9000e+000  +1.7000e+000  +0.0000e+000  +1.0331e+001  +5.6932e+000  +1.4910e+001  +2.0146e-002  +5.2659e-002  +3.2466e-002  +1.6206e+001  +1.5687e+000  +9.6410e-001  
-1.9000e+000  +1.8000e+000  +0.0000e+000  +1.0274e+001  +5.8629e+000  +1.6245e+001  +1.7076e-002  +4.3526e-002  +2.7331e-002  +1.7187e+001  +1.6728e+000  +9.7005e-001  
-1.9000e+000  +1.9000e+000  +0.0000e+000  +1.0228e+001  +6.0711e+000  +1.7809e+001  +1.4520e-002  +3.6644e-002  +2.3270e-002  +1.8429e+001  +1.8018e+000  +9.7477e-001  
-1.9000e+000  +2.0000e+000  +0.0000e+000  +1.0193e+001  +6.3140e+000  +1.9642e+001  +1.2374e-002  +3.1296e-002  +1.9986e-002  +1.9933e+001  +1.9555e+000  +9.7843e-001  
-1.9000e+000  +2.1000e+000  +0.0000e+000  +1.0160e+001  +6.5914e+000  +2.1771e+001  +1.0571e-002  +2.7063e-002  +1.7300e-002  +2.1723e+001  +2.1381e+000  +9.8168e-001  
-1.9000e+000  +2.2000e+000  +0.0000e+000  +1.0129e+001  +6.9012e+000  +2.4244e+001  +9.0446e-003  +2.3635e-002  +1.5066e-002  +2.3813e+001  +2.3509e+000  +9.8454e-001  
-1.9000e+000  +2.3000e+000  +0.0000e+000  +1.0106e+001  +7.2410e+000  +2.7130e+001  +7.7415e-003  +2.0800e-002  +1.3176e-002  +2.6216e+001  +2.5942e+000  +9.8681e-001  
-1.9000e+000  +2.4000e+000  +0.0000e+000  +1.0075e+001  +7.6137e+000  +3.0454e+001  +6.6358e-003  +1.8445e-002  +1.1577e-002  +2.8984e+001  +2.8768e+000  +9.8928e-001  
-1.9000e+000  +2.5000e+000  +0.0000e+000  +1.0051e+001  +8.0158e+000  +3.4325e+001  +5.6847e-003  +1.6441e-002  +1.0197e-002  +3.2126e+001  +3.1963e+000  +9.9126e-001  
-1.8000e+000  +5.0000e-001  +0.0000e+000  +1.8607e+001  +3.7932e+000  +1.0171e+001  +7.2709e-002  +1.1548e+000  +4.6257e-001  +7.1940e+000  +3.8663e-001  +2.6431e-001  
-1.8000e+000  +6.0000e-001  +0.0000e+000  +1.6609e+001  +4.2134e+000  +1.0173e+001  +7.0171e-002  +1.1419e+000  +3.9792e-001  +8.8763e+000  +5.3442e-001  +3.3736e-001  
-1.8000e+000  +7.0000e-001  +0.0000e+000  +1.4876e+001  +4.6495e+000  +1.0188e+001  +6.7810e-002  +1.0727e+000  +3.2780e-001  +1.0809e+001  +7.2659e-001  +4.4227e-001  
-1.8000e+000  +8.0000e-001  +0.0000e+000  +1.3470e+001  +5.0165e+000  +1.0239e+001  +6.5107e-002  +8.8320e-001  +2.5764e-001  +1.2583e+001  +9.3408e-001  +5.7461e-001  
-1.8000e+000  +9.0000e-001  +0.0000e+000  +1.2443e+001  +5.2144e+000  +1.0366e+001  +6.1261e-002  +6.2146e-001  +1.9633e-001  +1.3595e+001  +1.0926e+000  +7.0062e-001  
-1.8000e+000  +1.0000e+000  +0.0000e+000  +1.1746e+001  +5.2610e+000  +1.0604e+001  +5.5908e-002  +4.0866e-001  +1.4865e-001  +1.3839e+001  +1.1782e+000  +7.9261e-001  
-1.8000e+000  +1.1000e+000  +0.0000e+000  +1.1282e+001  +5.2458e+000  +1.0973e+001  +4.9531e-002  +2.7282e-001  +1.1367e-001  +1.3759e+001  +1.2196e+000  +8.5220e-001  
-1.8000e+000  +1.2000e+000  +0.0000e+000  +1.0970e+001  +5.2337e+000  +1.1482e+001  +4.2943e-002  +1.9060e-001  +8.8473e-002  +1.3696e+001  +1.2485e+000  +8.9038e-001  
-1.8000e+000  +1.3000e+000  +0.0000e+000  +1.0754e+001  +5.2542e+000  +1.2139e+001  +3.6762e-002  +1.3971e-001  +7.0254e-002  +1.3803e+001  +1.2835e+000  +9.1566e-001  
-1.8000e+000  +1.4000e+000  +0.0000e+000  +1.0602e+001  +5.3160e+000  +1.2954e+001  +3.1278e-002  +1.0675e-001  +5.6866e-002  +1.4130e+001  +1.3328e+000  +9.3307e-001  
-1.8000e+000  +1.5000e+000  +0.0000e+000  +1.0489e+001  +5.4204e+000  +1.3939e+001  +2.6562e-002  +8.4416e-002  +4.6838e-002  +1.4691e+001  +1.4006e+000  +9.4559e-001  
-1.8000e+000  +1.6000e+000  +0.0000e+000  +1.0404e+001  +5.5652e+000  +1.5112e+001  +2.2562e-002  +6.8610e-002  +3.9153e-002  +1.5486e+001  +1.4885e+000  +9.5492e-001  
-1.8000e+000  +1.7000e+000  +0.0000e+000  +1.0337e+001  +5.7476e+000  +1.6496e+001  +1.9187e-002  +5.7007e-002  +3.3137e-002  +1.6517e+001  +1.5978e+000  +9.6211e-001  
-1.8000e+000  +1.8000e+000  +0.0000e+000  +1.0284e+001  +5.9651e+000  +1.8120e+001  +1.6339e-002  +4.8215e-002  +2.8332e-002  +1.7791e+001  +1.7301e+000  +9.6780e-001  
-1.8000e+000  +1.9000e+000  +0.0000e+000  +1.0242e+001  +6.2151e+000  +2.0024e+001  +1.3926e-002  +4.1360e-002  +2.4417e-002  +1.9314e+001  +1.8858e+000  +9.7230e-001  
-1.8000e+000  +2.0000e+000  +0.0000e+000  +1.0204e+001  +6.4974e+000  +2.2241e+001  +1.1884e-002  +3.5915e-002  +2.1192e-002  +2.1108e+001  +2.0687e+000  +9.7617e-001  
-1.8000e+000  +2.1000e+000  +0.0000e+000  +1.0169e+001  +6.8106e+000  +2.4820e+001  +1.0148e-002  +3.1499e-002  +1.8495e-002  +2.3192e+001  +2.2808e+000  +9.7954e-001  
-1.8000e+000  +2.2000e+000  +0.0000e+000  +1.0141e+001  +7.1529e+000  +2.7832e+001  +8.6613e-003  +2.7842e-002  +1.6204e-002  +2.5582e+001  +2.5227e+000  +9.8227e-001  
-1.8000e+000  +2.3000e+000  +0.0000e+000  +1.0114e+001  +7.5252e+000  +3.1331e+001  +7.3915e-003  +2.4783e-002  +1.4248e-002  +2.8314e+001  +2.7994e+000  +9.8470e-001  
-1.8000e+000  +2.4000e+000  +0.0000e+000  +1.0080e+001  +7.9297e+000  +3.5355e+001  +6.3123e-003  +2.2210e-002  +1.2576e-002  +3.1440e+001  +3.1189e+000  +9.8731e-001  
-1.8000e+000  +2.5000e+000  +0.0000e+000  +1.0052e+001  +8.3637e+000  +4.0035e+001  +5.3841e-003  +1.9997e-002  +1.1120e-002  +3.4976e+001  +3.4795e+000  +9.8947e-001  
-1.7000e+000  +5.0000e-001  +0.0000e+000  +1.7076e+001  +3.7671e+000  +1.0213e+001  +7.2474e-002  +1.1814e+000  +4.1438e-001  +7.0957e+000  +4.1554e-001  +3.1711e-001  
-1.7000e+000  +6.0000e-001  +0.0000e+000  +1.5284e+001  +4.1661e+000  +1.0227e+001  +6.9828e-002  +1.1284e+000  +3.4570e-001  +8.6780e+000  +5.6780e-001  +4.1257e-001  
-1.7000e+000  +7.0000e-001  +0.0000e+000  +1.3813e+001  +4.5295e+000  +1.0278e+001  +6.7031e-002  +9.6447e-001  +2.7605e-001  +1.0258e+001  +7.4264e-001  +5.3678e-001  
-1.7000e+000  +8.0000e-001  +0.0000e+000  +1.2725e+001  +4.7709e+000  +1.0411e+001  +6.3349e-002  +7.1127e-001  +2.1413e-001  +1.1381e+001  +8.9438e-001  +6.6197e-001  
-1.7000e+000  +9.0000e-001  +0.0000e+000  +1.1979e+001  +4.8846e+000  +1.0661e+001  +5.8344e-002  +4.8693e-001  +1.6526e-001  +1.1930e+001  +9.9584e-001  +7.5862e-001  
-1.7000e+000  +1.0000e+000  +0.0000e+000  +1.1478e+001  +4.9351e+000  +1.1047e+001  +5.2314e-002  +3.3507e-001  +1.2877e-001  +1.2178e+001  +1.0610e+000  +8.2396e-001  
-1.7000e+000  +1.1000e+000  +0.0000e+000  +1.1134e+001  +4.9776e+000  +1.1578e+001  +4.5928e-002  +2.3930e-001  +1.0192e-001  +1.2388e+001  +1.1126e+000  +8.6716e-001  
-1.7000e+000  +1.2000e+000  +0.0000e+000  +1.0893e+001  +5.0403e+000  +1.2261e+001  +3.9763e-002  +1.7823e-001  +8.2078e-002  +1.2702e+001  +1.1661e+000  +8.9642e-001  
-1.7000e+000  +1.3000e+000  +0.0000e+000  +1.0719e+001  +5.1340e+000  +1.3108e+001  +3.4142e-002  +1.3782e-001  +6.7200e-002  +1.3179e+001  +1.2294e+000  +9.1694e-001  
-1.7000e+000  +1.4000e+000  +0.0000e+000  +1.0590e+001  +5.2622e+000  +1.4132e+001  +2.9191e-002  +1.0998e-001  +5.5854e-002  +1.3845e+001  +1.3074e+000  +9.3189e-001  
-1.7000e+000  +1.5000e+000  +0.0000e+000  +1.0491e+001  +5.4247e+000  +1.5352e+001  +2.4909e-002  +9.0059e-002  +4.7028e-002  +1.4714e+001  +1.4026e+000  +9.4313e-001  
-1.7000e+000  +1.6000e+000  +0.0000e+000  +1.0412e+001  +5.6204e+000  +1.6793e+001  +2.1238e-002  +7.5307e-002  +4.0030e-002  +1.5795e+001  +1.5169e+000  +9.5185e-001  
-1.7000e+000  +1.7000e+000  +0.0000e+000  +1.0351e+001  +5.8474e+000  +1.8491e+001  +1.8099e-002  +6.4046e-002  +3.4374e-002  +1.7096e+001  +1.6516e+000  +9.5869e-001  
-1.7000e+000  +1.8000e+000  +0.0000e+000  +1.0299e+001  +6.1055e+000  +2.0476e+001  +1.5423e-002  +5.5256e-002  +2.9744e-002  +1.8638e+001  +1.8097e+000  +9.6432e-001  
-1.7000e+000  +1.9000e+000  +0.0000e+000  +1.0254e+001  +6.3933e+000  +2.2794e+001  +1.3140e-002  +4.8238e-002  +2.5894e-002  +2.0437e+001  +1.9931e+000  +9.6903e-001  
-1.7000e+000  +2.0000e+000  +0.0000e+000  +1.0217e+001  +6.7096e+000  +2.5507e+001  +1.1185e-002  +4.2515e-002  +2.2645e-002  +2.2509e+001  +2.2031e+000  +9.7288e-001  
-1.7000e+000  +2.1000e+000  +0.0000e+000  +1.0180e+001  +7.0558e+000  +2.8651e+001  +9.5201e-003  +3.7803e-002  +1.9892e-002  +2.4892e+001  +2.4452e+000  +9.7641e-001  
-1.7000e+000  +2.2000e+000  +0.0000e+000  +1.0149e+001  +7.4302e+000  +3.2320e+001  +8.0920e-003  +3.3842e-002  +1.7523e-002  +2.7604e+001  +2.7199e+000  +9.7934e-001  
-1.7000e+000  +2.3000e+000  +0.0000e+000  +1.0119e+001  +7.8343e+000  +3.6575e+001  +6.8726e-003  +3.0487e-002  +1.5479e-002  +3.0688e+001  +3.0329e+000  +9.8199e-001  
-1.7000e+000  +2.4000e+000  +0.0000e+000  +1.0087e+001  +8.2689e+000  +4.1498e+001  +5.8326e-003  +2.7619e-002  +1.3706e-002  +3.4188e+001  +3.3891e+000  +9.8445e-001  
-1.7000e+000  +2.5000e+000  +0.0000e+000  +1.0054e+001  +8.7352e+000  +4.7176e+001  +4.9471e-003  +2.5145e-002  +1.2161e-002  +3.8152e+001  +3.7948e+000  +9.8679e-001  
-1.6000e+000  +5.0000e-001  +0.0000e+000  +1.5752e+001  +3.7242e+000  +1.0273e+001  +7.2115e-002  +1.1881e+000  +3.6517e-001  +6.9349e+000  +4.4025e-001  +3.8124e-001  
-1.6000e+000  +6.0000e-001  +0.0000e+000  +1.4208e+001  +4.0753e+000  +1.0324e+001  +6.9121e-002  +1.0519e+000  +2.9615e-001  +8.3039e+000  +5.8448e-001  +4.9575e-001  
-1.6000e+000  +7.0000e-001  +0.0000e+000  +1.3047e+001  +4.3453e+000  +1.0460e+001  +6.5475e-002  +8.1292e-001  +2.3356e-001  +9.4409e+000  +7.2359e-001  +6.1815e-001  
-1.6000e+000  +8.0000e-001  +0.0000e+000  +1.2245e+001  +4.5124e+000  +1.0723e+001  +6.0685e-002  +5.7968e-001  +1.8338e-001  +1.0181e+001  +8.3139e-001  +7.1856e-001  
-1.6000e+000  +9.0000e-001  +0.0000e+000  +1.1701e+001  +4.6193e+000  +1.1129e+001  +5.4905e-002  +4.1166e-001  +1.4537e-001  +1.0669e+001  +9.1185e-001  +7.8965e-001  
-1.6000e+000  +1.0000e+000  +0.0000e+000  +1.1323e+001  +4.7109e+000  +1.1687e+001  +4.8676e-002  +3.0103e-001  +1.1690e-001  +1.1096e+001  +9.7997e-001  +8.3827e-001  
-1.6000e+000  +1.1000e+000  +0.0000e+000  +1.1054e+001  +4.8132e+000  +1.2402e+001  +4.2525e-002  +2.2823e-001  +9.5449e-002  +1.1583e+001  +1.0479e+000  +8.7204e-001  
-1.6000e+000  +1.2000e+000  +0.0000e+000  +1.0857e+001  +4.9377e+000  +1.3288e+001  +3.6786e-002  +1.7891e-001  +7.9047e-002  +1.2190e+001  +1.1228e+000  +8.9620e-001  
-1.6000e+000  +1.3000e+000  +0.0000e+000  +1.0709e+001  +5.0895e+000  +1.4358e+001  +3.1625e-002  +1.4434e-001  +6.6317e-002  +1.2952e+001  +1.2095e+000  +9.1406e-001  
-1.6000e+000  +1.4000e+000  +0.0000e+000  +1.0593e+001  +5.2702e+000  +1.5635e+001  +2.7081e-002  +1.1926e-001  +5.6261e-002  +1.3888e+001  +1.3110e+000  +9.2765e-001  
-1.6000e+000  +1.5000e+000  +0.0000e+000  +1.0503e+001  +5.4794e+000  +1.7147e+001  +2.3127e-002  +1.0050e-001  +4.8175e-002  +1.5012e+001  +1.4293e+000  +9.3820e-001  
-1.6000e+000  +1.6000e+000  +0.0000e+000  +1.0429e+001  +5.7174e+000  +1.8925e+001  +1.9715e-002  +8.6104e-002  +4.1583e-002  +1.6344e+001  +1.5672e+000  +9.4667e-001  
-1.6000e+000  +1.7000e+000  +0.0000e+000  +1.0367e+001  +5.9835e+000  +2.1008e+001  +1.6782e-002  +7.4797e-002  +3.6130e-002  +1.7901e+001  +1.7267e+000  +9.5360e-001  
-1.6000e+000  +1.8000e+000  +0.0000e+000  +1.0317e+001  +6.2768e+000  +2.3451e+001  +1.4259e-002  +6.5717e-002  +3.1549e-002  +1.9699e+001  +1.9095e+000  +9.5925e-001  
-1.6000e+000  +1.9000e+000  +0.0000e+000  +1.0273e+001  +6.5978e+000  +2.6304e+001  +1.2099e-002  +5.8312e-002  +2.7669e-002  +2.1765e+001  +2.1187e+000  +9.6401e-001  
-1.6000e+000  +2.0000e+000  +0.0000e+000  +1.0230e+001  +6.9472e+000  +2.9617e+001  +1.0256e-002  +5.2200e-002  +2.4363e-002  +2.4132e+001  +2.3589e+000  +9.6824e-001  
-1.6000e+000  +2.1000e+000  +0.0000e+000  +1.0194e+001  +7.3241e+000  +3.3481e+001  +8.6780e-003  +4.7062e-002  +2.1506e-002  +2.6822e+001  +2.6311e+000  +9.7180e-001  
-1.6000e+000  +2.2000e+000  +0.0000e+000  +1.0159e+001  +7.7300e+000  +3.7966e+001  +7.3336e-003  +4.2707e-002  +1.9032e-002  +2.9877e+001  +2.9409e+000  +9.7498e-001  
-1.6000e+000  +2.3000e+000  +0.0000e+000  +1.0124e+001  +8.1659e+000  +4.3154e+001  +6.1911e-003  +3.8981e-002  +1.6879e-002  +3.3341e+001  +3.2933e+000  +9.7786e-001  
-1.6000e+000  +2.4000e+000  +0.0000e+000  +1.0087e+001  +8.6329e+000  +4.9136e+001  +5.2227e-003  +3.5768e-002  +1.4999e-002  +3.7263e+001  +3.6944e+000  +9.8054e-001  
-1.6000e+000  +2.5000e+000  +0.0000e+000  +1.0045e+001  +9.1326e+000  +5.6008e+001  +4.4041e-003  +3.2978e-002  +1.3354e-002  +4.1702e+001  +4.1516e+000  +9.8311e-001  
-1.5000e+000  +5.0000e-001  +0.0000e+000  +1.4666e+001  +3.6507e+000  +1.0376e+001  +7.1444e-002  +1.1449e+000  +3.1813e-001  +6.6637e+000  +4.5438e-001  +4.5166e-001  
-1.5000e+000  +6.0000e-001  +0.0000e+000  +1.3420e+001  +3.9355e+000  +1.0514e+001  +6.7699e-002  +9.2681e-001  +2.5484e-001  +7.7440e+000  +5.7705e-001  +5.6878e-001  
-1.5000e+000  +7.0000e-001  +0.0000e+000  +1.2550e+001  +4.1429e+000  +1.0788e+001  +6.2975e-002  +6.8914e-001  +2.0322e-001  +8.5819e+000  +6.8381e-001  +6.7138e-001  
-1.5000e+000  +8.0000e-001  +0.0000e+000  +1.1956e+001  +4.2968e+000  +1.1218e+001  +5.7313e-002  +5.0569e-001  +1.6364e-001  +9.2312e+000  +7.7208e-001  +7.4779e-001  
-1.5000e+000  +9.0000e-001  +0.0000e+000  +1.1541e+001  +4.4319e+000  +1.1807e+001  +5.1159e-002  +3.7938e-001  +1.3358e-001  +9.8210e+000  +8.5097e-001  +8.0202e-001  
-1.5000e+000  +1.0000e+000  +0.0000e+000  +1.1242e+001  +4.5706e+000  +1.2563e+001  +4.4982e-002  +2.9340e-001  +1.1051e-001  +1.0445e+001  +9.2914e-001  +8.4078e-001  
-1.5000e+000  +1.1000e+000  +0.0000e+000  +1.1019e+001  +4.7248e+000  +1.3495e+001  +3.9122e-002  +2.3370e-001  +9.2576e-002  +1.1162e+001  +1.0130e+000  +8.6914e-001  
-1.5000e+000  +1.2000e+000  +0.0000e+000  +1.0850e+001  +4.8999e+000  +1.4622e+001  +3.3760e-002  +1.9098e-001  +7.8401e-002  +1.2004e+001  +1.1064e+000  +8.9044e-001  
-1.5000e+000  +1.3000e+000  +0.0000e+000  +1.0717e+001  +5.0988e+000  +1.5967e+001  +2.8972e-002  +1.5955e-001  +6.7036e-002  +1.2999e+001  +1.2130e+000  +9.0685e-001  
-1.5000e+000  +1.4000e+000  +0.0000e+000  +1.0610e+001  +5.3225e+000  +1.7558e+001  +2.4760e-002  +1.3578e-001  +5.7784e-002  +1.4165e+001  +1.3350e+000  +9.1979e-001  
-1.5000e+000  +1.5000e+000  +0.0000e+000  +1.0524e+001  +5.5713e+000  +1.9433e+001  +2.1087e-002  +1.1736e-001  +5.0136e-002  +1.5520e+001  +1.4747e+000  +9.3015e-001  
-1.5000e+000  +1.6000e+000  +0.0000e+000  +1.0451e+001  +5.8460e+000  +2.1631e+001  +1.7913e-002  +1.0282e-001  +4.3753e-002  +1.7088e+001  +1.6350e+000  +9.3867e-001  
-1.5000e+000  +1.7000e+000  +0.0000e+000  +1.0391e+001  +6.1460e+000  +2.4209e+001  +1.5175e-002  +9.1100e-002  +3.8350e-002  +1.8887e+001  +1.8176e+000  +9.4569e-001  
-1.5000e+000  +1.8000e+000  +0.0000e+000  +1.0339e+001  +6.4721e+000  +2.7221e+001  +1.2827e-002  +8.1514e-002  +3.3740e-002  +2.0944e+001  +2.0258e+000  +9.5160e-001  
-1.5000e+000  +1.9000e+000  +0.0000e+000  +1.0289e+001  +6.8252e+000  +3.0719e+001  +1.0825e-002  +7.3587e-002  +2.9788e-002  +2.3292e+001  +2.2639e+000  +9.5676e-001  
-1.5000e+000  +2.0000e+000  +0.0000e+000  +1.0246e+001  +7.2052e+000  +3.4798e+001  +9.1156e-003  +6.6918e-002  +2.6359e-002  +2.5957e+001  +2.5335e+000  +9.6114e-001  
-1.5000e+000  +2.1000e+000  +0.0000e+000  +1.0205e+001  +7.6133e+000  +3.9528e+001  +7.6641e-003  +6.1265e-002  +2.3377e-002  +2.8981e+001  +2.8399e+000  +9.6500e-001  
-1.5000e+000  +2.2000e+000  +0.0000e+000  +1.0164e+001  +8.0508e+000  +4.4997e+001  +6.4362e-003  +5.6428e-002  +2.0773e-002  +3.2408e+001  +3.1884e+000  +9.6846e-001  
-1.5000e+000  +2.3000e+000  +0.0000e+000  +1.0121e+001  +8.5189e+000  +5.1296e+001  +5.4010e-003  +5.2259e-002  +1.8493e-002  +3.6286e+001  +3.5850e+000  +9.7161e-001  
-1.5000e+000  +2.4000e+000  +0.0000e+000  +1.0086e+001  +9.0179e+000  +5.8604e+001  +4.5235e-003  +4.8613e-002  +1.6474e-002  +4.0662e+001  +4.0316e+000  +9.7428e-001  
-1.5000e+000  +2.5000e+000  +0.0000e+000  +1.0035e+001  +9.5520e+000  +6.6889e+001  +3.7946e-003  +4.5453e-002  +1.4714e-002  +4.5620e+001  +4.5462e+000  +9.7704e-001  
-1.4000e+000  +5.0000e-001  +0.0000e+000  +1.3856e+001  +3.5398e+000  +1.0572e+001  +7.0112e-002  +1.0524e+000  +2.7828e-001  +6.2651e+000  +4.5217e-001  +5.1383e-001  
-1.4000e+000  +6.0000e-001  +0.0000e+000  +1.2904e+001  +3.7745e+000  +1.0855e+001  +6.5292e-002  +8.1694e-001  +2.2503e-001  +7.1235e+000  +5.5205e-001  +6.1622e-001  
-1.4000e+000  +7.0000e-001  +0.0000e+000  +1.2251e+001  +3.9656e+000  +1.1310e+001  +5.9592e-002  +6.2052e-001  +1.8377e-001  +7.8628e+000  +6.4179e-001  +6.9682e-001  
-1.4000e+000  +8.0000e-001  +0.0000e+000  +1.1793e+001  +4.1378e+000  +1.1936e+001  +5.3388e-002  +4.7860e-001  +1.5209e-001  +8.5605e+000  +7.2588e-001  +7.5642e-001  
-1.4000e+000  +9.0000e-001  +0.0000e+000  +1.1460e+001  +4.3095e+000  +1.2738e+001  +4.7113e-002  +3.7861e-001  +1.2745e-001  +9.2859e+000  +8.1030e-001  +8.0040e-001  
-1.4000e+000  +1.0000e+000  +0.0000e+000  +1.1209e+001  +4.4913e+000  +1.3727e+001  +4.1092e-002  +3.0718e-001  +1.0796e-001  +1.0086e+001  +8.9976e-001  +8.3339e-001  
-1.4000e+000  +1.1000e+000  +0.0000e+000  +1.1016e+001  +4.6892e+000  +1.4921e+001  +3.5526e-002  +2.5500e-001  +9.2326e-002  +1.0994e+001  +9.9805e-001  +8.5868e-001  
-1.4000e+000  +1.2000e+000  +0.0000e+000  +1.0863e+001  +4.9062e+000  +1.6345e+001  +3.0501e-002  +2.1590e-001  +7.9578e-002  +1.2035e+001  +1.1079e+000  +8.7845e-001  
-1.4000e+000  +1.3000e+000  +0.0000e+000  +1.0739e+001  +5.1444e+000  +1.8029e+001  +2.6048e-002  +1.8597e-001  +6.9062e-002  +1.3232e+001  +1.2322e+000  +8.9421e-001  
-1.4000e+000  +1.4000e+000  +0.0000e+000  +1.0638e+001  +5.4047e+000  +2.0014e+001  +2.2143e-002  +1.6255e-001  +6.0265e-002  +1.4605e+001  +1.3729e+000  +9.0696e-001  
-1.4000e+000  +1.5000e+000  +0.0000e+000  +1.0552e+001  +5.6882e+000  +2.2341e+001  +1.8757e-002  +1.4392e-001  +5.2845e-002  +1.6178e+001  +1.5332e+000  +9.1747e-001  
-1.4000e+000  +1.6000e+000  +0.0000e+000  +1.0480e+001  +5.9953e+000  +2.5068e+001  +1.5833e-002  +1.2884e-001  +4.6509e-002  +1.7972e+001  +1.7149e+000  +9.2619e-001  
-1.4000e+000  +1.7000e+000  +0.0000e+000  +1.0417e+001  +6.3268e+000  +2.8253e+001  +1.3327e-002  +1.1647e-001  +4.1063e-002  +2.0014e+001  +1.9212e+000  +9.3353e-001  
-1.4000e+000  +1.8000e+000  +0.0000e+000  +1.0362e+001  +6.6836e+000  +3.1963e+001  +1.1189e-002  +1.0620e-001  +3.6350e-002  +2.2335e+001  +2.1555e+000  +9.3979e-001  
-1.4000e+000  +1.9000e+000  +0.0000e+000  +1.0312e+001  +7.0666e+000  +3.6275e+001  +9.3754e-003  +9.7571e-002  +3.2251e-002  +2.4969e+001  +2.4213e+000  +9.4519e-001  
-1.4000e+000  +2.0000e+000  +0.0000e+000  +1.0265e+001  +7.4770e+000  +4.1269e+001  +7.8425e-003  +9.0261e-002  +2.8668e-002  +2.7953e+001  +2.7232e+000  +9.4990e-001  
-1.4000e+000  +2.1000e+000  +0.0000e+000  +1.0218e+001  +7.9159e+000  +4.7036e+001  +6.5528e-003  +8.4012e-002  +2.5528e-002  +3.1331e+001  +3.0662e+000  +9.5406e-001  
-1.4000e+000  +2.2000e+000  +0.0000e+000  +1.0170e+001  +8.3849e+000  +5.3669e+001  +5.4718e-003  +7.8630e-002  +2.2769e-002  +3.5153e+001  +3.4564e+000  +9.5781e-001  
-1.4000e+000  +2.3000e+000  +0.0000e+000  +1.0119e+001  +8.8854e+000  +6.1266e+001  +4.5691e-003  +7.3964e-002  +2.0340e-002  +3.9475e+001  +3.9010e+000  +9.6123e-001  
-1.4000e+000  +2.4000e+000  +0.0000e+000  +1.0062e+001  +9.4193e+000  +6.9927e+001  +3.8176e-003  +6.9897e-002  +1.8200e-002  +4.4361e+001  +4.4089e+000  +9.6440e-001  
-1.4000e+000  +2.5000e+000  +0.0000e+000  +9.9958e+000  +9.9883e+000  +7.9748e+001  +3.1936e-003  +6.6333e-002  +1.6313e-002  +4.9883e+001  +4.9904e+000  +9.6741e-001  
-1.3000e+000  +5.0000e-001  +0.0000e+000  +1.3318e+001  +3.4059e+000  +1.0920e+001  +6.7770e-002  +9.6371e-001  +2.4917e-001  +5.8001e+000  +4.3550e-001  +5.5270e-001  
-1.3000e+000  +6.0000e-001  +0.0000e+000  +1.2595e+001  +3.6232e+000  +1.1397e+001  +6.1856e-002  +7.5907e-001  +2.0603e-001  +6.5638e+000  +5.2116e-001  +6.3539e-001  
-1.3000e+000  +7.0000e-001  +0.0000e+000  +1.2087e+001  +3.8248e+000  +1.2064e+001  +5.5441e-002  +6.0332e-001  +1.7266e-001  +7.3144e+000  +6.0517e-001  +6.9933e-001  
-1.3000e+000  +8.0000e-001  +0.0000e+000  +1.1715e+001  +4.0245e+000  +1.2920e+001  +4.8951e-002  +4.8956e-001  +1.4644e-001  +8.0984e+000  +6.9129e-001  +7.4818e-001  
-1.3000e+000  +9.0000e-001  +0.0000e+000  +1.1433e+001  +4.2312e+000  +1.3975e+001  +4.2702e-002  +4.0590e-001  +1.2541e-001  +8.9514e+000  +7.8292e-001  +7.8591e-001  
-1.3000e+000  +1.0000e+000  +0.0000e+000  +1.1213e+001  +4.4501e+000  +1.5245e+001  +3.6898e-002  +3.4331e-001  +1.0829e-001  +9.9017e+000  +8.8306e-001  +8.1549e-001  
-1.3000e+000  +1.1000e+000  +0.0000e+000  +1.1037e+001  +4.6845e+000  +1.6760e+001  +3.1637e-002  +2.9551e-001  +9.4113e-002  +1.0972e+001  +9.9412e-001  +8.3905e-001  
-1.3000e+000  +1.2000e+000  +0.0000e+000  +1.0893e+001  +4.9369e+000  +1.8548e+001  +2.6960e-002  +2.5835e-001  +8.2258e-002  +1.2186e+001  +1.1187e+000  +8.5809e-001  
-1.3000e+000  +1.3000e+000  +0.0000e+000  +1.0775e+001  +5.2084e+000  +2.0655e+001  +2.2851e-002  +2.2895e-001  +7.2217e-002  +1.3564e+001  +1.2589e+000  +8.7365e-001  
-1.3000e+000  +1.4000e+000  +0.0000e+000  +1.0675e+001  +5.5006e+000  +2.3125e+001  +1.9283e-002  +2.0535e-001  +6.3641e-002  +1.5129e+001  +1.4172e+000  +8.8652e-001  
-1.3000e+000  +1.5000e+000  +0.0000e+000  +1.0588e+001  +5.8148e+000  +2.6007e+001  +1.6216e-002  +1.8618e-001  +5.6272e-002  +1.6906e+001  +1.5968e+000  +8.9733e-001  
-1.3000e+000  +1.6000e+000  +0.0000e+000  +1.0513e+001  +6.1515e+000  +2.9372e+001  +1.3590e-002  +1.7039e-001  +4.9874e-002  +1.8920e+001  +1.7997e+000  +9.0641e-001  
-1.3000e+000  +1.7000e+000  +0.0000e+000  +1.0447e+001  +6.5121e+000  +3.3286e+001  +1.1359e-002  +1.5725e-001  +4.4301e-002  +2.1204e+001  +2.0297e+000  +9.1415e-001  
-1.3000e+000  +1.8000e+000  +0.0000e+000  +1.0387e+001  +6.8977e+000  +3.7825e+001  +9.4752e-003  +1.4623e-001  +3.9422e-002  +2.3789e+001  +2.2904e+000  +9.2080e-001  
-1.3000e+000  +1.9000e+000  +0.0000e+000  +1.0330e+001  +7.3097e+000  +4.3070e+001  +7.8921e-003  +1.3689e-001  +3.5138e-002  +2.6716e+001  +2.5862e+000  +9.2658e-001  
-1.3000e+000  +2.0000e+000  +0.0000e+000  +1.0282e+001  +7.7488e+000  +4.9153e+001  +6.5605e-003  +1.2890e-001  +3.1346e-002  +3.0022e+001  +2.9199e+000  +9.3153e-001  
-1.3000e+000  +2.1000e+000  +0.0000e+000  +1.0228e+001  +8.2175e+000  +5.6102e+001  +5.4566e-003  +1.2205e-001  +2.8015e-002  +3.3764e+001  +3.3013e+000  +9.3602e-001  
-1.3000e+000  +2.2000e+000  +0.0000e+000  +1.0170e+001  +8.7170e+000  +6.4041e+001  +4.5401e-003  +1.1614e-001  +2.5073e-002  +3.7993e+001  +3.7356e+000  +9.4004e-001  
-1.3000e+000  +2.3000e+000  +0.0000e+000  +1.0108e+001  +9.2489e+000  +7.3071e+001  +3.7812e-003  +1.1100e-001  +2.2473e-002  +4.2771e+001  +4.2315e+000  +9.4371e-001  
-1.3000e+000  +2.4000e+000  +0.0000e+000  +1.0037e+001  +9.8151e+000  +8.3287e+001  +3.1545e-003  +1.0651e-001  +2.0173e-002  +4.8168e+001  +4.7991e+000  +9.4710e-001  
-1.3000e+000  +2.5000e+000  +0.0000e+000  +9.9549e+000  +1.0418e+001  +9.4780e+001  +2.6377e-003  +1.0257e-001  +1.8139e-002  +5.4263e+001  +5.4508e+000  +9.5027e-001  
-1.2000e+000  +5.0000e-001  +0.0000e+000  +1.2999e+001  +3.2680e+000  +1.1472e+001  +6.4300e-002  +9.2266e-001  +2.3074e-001  +5.3398e+000  +4.1078e-001  +5.6298e-001  
-1.2000e+000  +6.0000e-001  +0.0000e+000  +1.2430e+001  +3.4890e+000  +1.2178e+001  +5.7494e-002  +7.5737e-001  +1.9552e-001  +6.0865e+000  +4.8965e-001  +6.2905e-001  
-1.2000e+000  +7.0000e-001  +0.0000e+000  +1.2014e+001  +3.7095e+000  +1.3091e+001  +5.0634e-002  +6.3220e-001  +1.6768e-001  +6.8800e+000  +5.7267e-001  +6.8145e-001  
-1.2000e+000  +8.0000e-001  +0.0000e+000  +1.1697e+001  +3.9358e+000  +1.4218e+001  +4.4051e-002  +5.3747e-001  +1.4512e-001  +7.7452e+000  +6.6217e-001  +7.2319e-001  
-1.2000e+000  +9.0000e-001  +0.0000e+000  +1.1447e+001  +4.1722e+000  +1.5573e+001  +3.7951e-002  +4.6482e-001  +1.2649e-001  +8.7038e+000  +7.6038e-001  +7.5679e-001  
-1.2000e+000  +1.0000e+000  +0.0000e+000  +1.1245e+001  +4.4216e+000  +1.7186e+001  +3.2432e-002  +4.0817e-001  +1.1086e-001  +9.7753e+000  +8.6929e-001  +7.8412e-001  
-1.2000e+000  +1.1000e+000  +0.0000e+000  +1.1078e+001  +4.6862e+000  +1.9087e+001  +2.7536e-002  +3.6339e-001  +9.7608e-002  +1.0980e+001  +9.9112e-001  +8.0657e-001  
-1.2000e+000  +1.2000e+000  +0.0000e+000  +1.0940e+001  +4.9675e+000  +2.1321e+001  +2.3247e-002  +3.2750e-001  +8.6239e-002  +1.2338e+001  +1.1278e+000  +8.2516e-001  
-1.2000e+000  +1.3000e+000  +0.0000e+000  +1.0822e+001  +5.2671e+000  +2.3934e+001  +1.9535e-002  +2.9842e-001  +7.6417e-002  +1.3871e+001  +1.2818e+000  +8.4067e-001  
-1.2000e+000  +1.4000e+000  +0.0000e+000  +1.0721e+001  +5.5865e+000  +2.6983e+001  +1.6352e-002  +2.7462e-001  +6.7876e-002  +1.5604e+001  +1.4555e+000  +8.5370e-001  
-1.2000e+000  +1.5000e+000  +0.0000e+000  +1.0632e+001  +5.9267e+000  +3.0530e+001  +1.3645e-002  +2.5497e-001  +6.0408e-002  +1.7563e+001  +1.6519e+000  +8.6472e-001  
-1.2000e+000  +1.6000e+000  +0.0000e+000  +1.0554e+001  +6.2893e+000  +3.4644e+001  +1.1359e-002  +2.3862e-001  +5.3851e-002  +1.9777e+001  +1.8740e+000  +8.7411e-001  
-1.2000e+000  +1.7000e+000  +0.0000e+000  +1.0483e+001  +6.6754e+000  +3.9402e+001  +9.4379e-003  +2.2491e-001  +4.8074e-002  +2.2280e+001  +2.1255e+000  +8.8216e-001  
-1.2000e+000  +1.8000e+000  +0.0000e+000  +1.0416e+001  +7.0865e+000  +4.4887e+001  +7.8331e-003  +2.1333e-001  +4.2970e-002  +2.5109e+001  +2.4106e+000  +8.8912e-001  
-1.2000e+000  +1.9000e+000  +0.0000e+000  +1.0352e+001  +7.5241e+000  +5.1186e+001  +6.4979e-003  +2.0350e-001  +3.8452e-002  +2.8306e+001  +2.7342e+000  +8.9517e-001  
-1.2000e+000  +2.0000e+000  +0.0000e+000  +1.0289e+001  +7.9896e+000  +5.8392e+001  +5.3913e-003  +1.9511e-001  +3.4449e-002  +3.1917e+001  +3.1021e+000  +9.0050e-001  
-1.2000e+000  +2.1000e+000  +0.0000e+000  +1.0223e+001  +8.4847e+000  +6.6600e+001  +4.4768e-003  +1.8789e-001  +3.0898e-002  +3.5995e+001  +3.5211e+000  +9.0522e-001  
-1.2000e+000  +2.2000e+000  +0.0000e+000  +1.0151e+001  +9.0111e+000  +7.5906e+001  +3.7229e-003  +1.8167e-001  +2.7748e-002  +4.0600e+001  +3.9995e+000  +9.0946e-001  
-1.2000e+000  +2.3000e+000  +0.0000e+000  +1.0072e+001  +9.5706e+000  +8.6401e+001  +3.1024e-003  +1.7627e-001  +2.4953e-002  +4.5798e+001  +4.5471e+000  +9.1331e-001  
-1.2000e+000  +2.4000e+000  +0.0000e+000  +9.9820e+000  +1.0165e+001  +9.8174e+001  +2.5925e-003  +1.7158e-001  +2.2474e-002  +5.1665e+001  +5.1758e+000  +9.1684e-001  
-1.2000e+000  +2.5000e+000  +0.0000e+000  +9.8786e+000  +1.0797e+001  +1.1130e+002  +2.1735e-003  +1.6747e-001  +2.0277e-002  +5.8285e+001  +5.9001e+000  +9.2012e-001  
-1.1000e+000  +5.0000e-001  +0.0000e+000  +1.2836e+001  +3.1277e+000  +1.2257e+001  +5.9833e-002  +9.4206e-001  +2.2097e-001  +4.8912e+000  +3.8104e-001  +5.4530e-001  
-1.1000e+000  +6.0000e-001  +0.0000e+000  +1.2366e+001  +3.3581e+000  +1.3224e+001  +5.2426e-002  +8.1075e-001  +1.9137e-001  +5.6383e+000  +4.5595e-001  +5.9848e-001  
-1.1000e+000  +7.0000e-001  +0.0000e+000  +1.2007e+001  +3.5952e+000  +1.4421e+001  +4.5369e-002  +7.0886e-001  +1.6723e-001  +6.4627e+000  +5.3823e-001  +6.4219e-001  
-1.1000e+000  +8.0000e-001  +0.0000e+000  +1.1723e+001  +3.8419e+000  +1.5863e+001  +3.8879e-002  +6.2898e-001  +1.4709e-001  +7.3803e+000  +6.2955e-001  +6.7833e-001  
-1.1000e+000  +9.0000e-001  +0.0000e+000  +1.1492e+001  +4.1003e+000  +1.7574e+001  +3.3052e-002  +5.6547e-001  +1.2999e-001  +8.4060e+000  +7.3145e-001  +7.0841e-001  
-1.1000e+000  +1.0000e+000  +0.0000e+000  +1.1301e+001  +4.3719e+000  +1.9589e+001  +2.7915e-002  +5.1441e-001  +1.1528e-001  +9.5566e+000  +8.4566e-001  +7.3357e-001  
-1.1000e+000  +1.1000e+000  +0.0000e+000  +1.1138e+001  +4.6583e+000  +2.1945e+001  +2.3455e-002  +4.7300e-001  +1.0253e-001  +1.0850e+001  +9.7416e-001  +7.5471e-001  
-1.1000e+000  +1.2000e+000  +0.0000e+000  +1.0999e+001  +4.9610e+000  +2.4695e+001  +1.9619e-002  +4.3912e-001  +9.1376e-002  +1.2306e+001  +1.1188e+000  +7.7251e-001  
-1.1000e+000  +1.3000e+000  +0.0000e+000  +1.0880e+001  +5.2813e+000  +2.7894e+001  +1.6352e-002  +4.1125e-001  +8.1573e-002  +1.3946e+001  +1.2818e+000  +7.8757e-001  
-1.1000e+000  +1.4000e+000  +0.0000e+000  +1.0774e+001  +5.6205e+000  +3.1602e+001  +1.3592e-002  +3.8821e-001  +7.2922e-002  +1.5795e+001  +1.4660e+000  +8.0033e-001  
-1.1000e+000  +1.5000e+000  +0.0000e+000  +1.0681e+001  +5.9801e+000  +3.5889e+001  +1.1275e-002  +3.6906e-001  +6.5262e-002  +1.7881e+001  +1.6742e+000  +8.1121e-001  
-1.1000e+000  +1.6000e+000  +0.0000e+000  +1.0595e+001  +6.3615e+000  +4.0829e+001  +9.3407e-003  +3.5310e-001  +5.8464e-002  +2.0234e+001  +1.9097e+000  +8.2050e-001  
-1.1000e+000  +1.7000e+000  +0.0000e+000  +1.0516e+001  +6.7661e+000  +4.6505e+001  +7.7336e-003  +3.3973e-001  +5.2420e-002  +2.2890e+001  +2.1766e+000  +8.2848e-001  
-1.1000e+000  +1.8000e+000  +0.0000e+000  +1.0448e+001  +7.1951e+000  +5.3049e+001  +6.3956e-003  +3.2848e-001  +4.7009e-002  +2.5885e+001  +2.4775e+000  +8.3529e-001  
-1.1000e+000  +1.9000e+000  +0.0000e+000  +1.0375e+001  +7.6506e+000  +6.0478e+001  +5.2971e-003  +3.1902e-001  +4.2212e-002  +2.9266e+001  +2.8208e+000  +8.4127e-001  
-1.1000e+000  +2.0000e+000  +0.0000e+000  +1.0301e+001  +8.1340e+000  +6.8920e+001  +4.3927e-003  +3.1102e-001  +3.7938e-002  +3.3081e+001  +3.2114e+000  +8.4650e-001  
-1.1000e+000  +2.1000e+000  +0.0000e+000  +1.0223e+001  +8.6469e+000  +7.8468e+001  +3.6494e-003  +3.0424e-001  +3.4131e-002  +3.7385e+001  +3.6570e+000  +8.5111e-001  
-1.1000e+000  +2.2000e+000  +0.0000e+000  +1.0137e+001  +9.1912e+000  +8.9215e+001  +3.0392e-003  +2.9847e-001  +3.0741e-002  +4.2239e+001  +4.1667e+000  +8.5522e-001  
-1.1000e+000  +2.3000e+000  +0.0000e+000  +1.0023e+001  +9.7691e+000  +1.0100e+002  +2.5470e-003  +2.9355e-001  +2.7775e-002  +4.7718e+001  +4.7609e+000  +8.5908e-001  
-1.1000e+000  +2.4000e+000  +0.0000e+000  +9.9117e+000  +1.0382e+001  +1.1431e+002  +2.1362e-003  +2.8935e-001  +2.5097e-002  +5.3891e+001  +5.4371e+000  +8.6247e-001  
-1.1000e+000  +2.5000e+000  +0.0000e+000  +9.7574e+000  +1.1032e+001  +1.2859e+002  +1.8075e-003  +2.8573e-001  +2.2780e-002  +6.0857e+001  +6.2370e+000  +8.6581e-001  
-1.0000e+000  +5.0000e-001  +0.0000e+000  +1.2783e+001  +2.9671e+000  +1.3282e+001  +5.4734e-002  +1.0247e+000  +2.1774e-001  +4.4017e+000  +3.4435e-001  +5.0010e-001  
-1.0000e+000  +6.0000e-001  +0.0000e+000  +1.2374e+001  +3.2012e+000  +1.4536e+001  +4.7031e-002  +9.2289e-001  +1.9188e-001  +5.1239e+000  +4.1409e-001  +5.4208e-001  
-1.0000e+000  +7.0000e-001  +0.0000e+000  +1.2049e+001  +3.4454e+000  +1.6050e+001  +4.0019e-002  +8.4217e-001  +1.7017e-001  +5.9355e+000  +4.9261e-001  +5.7759e-001  
-1.0000e+000  +8.0000e-001  +0.0000e+000  +1.1784e+001  +3.7008e+000  +1.7848e+001  +3.3791e-002  +7.7730e-001  +1.5156e-001  +6.8481e+000  +5.8112e-001  +6.0771e-001  
-1.0000e+000  +9.0000e-001  +0.0000e+000  +1.1563e+001  +3.9684e+000  +1.9959e+001  +2.8361e-002  +7.2469e-001  +1.3537e-001  +7.8743e+000  +6.8098e-001  +6.3329e-001  
-1.0000e+000  +1.0000e+000  +0.0000e+000  +1.1375e+001  +4.2493e+000  +2.2424e+001  +2.3689e-002  +6.8175e-001  +1.2116e-001  +9.0282e+000  +7.9366e-001  +6.5503e-001  
-1.0000e+000  +1.1000e+000  +0.0000e+000  +1.1212e+001  +4.5445e+000  +2.5286e+001  +1.9718e-002  +6.4661e-001  +1.0863e-001  +1.0326e+001  +9.2101e-001  +6.7349e-001  
-1.0000e+000  +1.2000e+000  +0.0000e+000  +1.1071e+001  +4.8551e+000  +2.8607e+001  +1.6362e-002  +6.1776e-001  +9.7477e-002  +1.1786e+001  +1.0646e+000  +6.8912e-001  
-1.0000e+000  +1.3000e+000  +0.0000e+000  +1.0946e+001  +5.1825e+000  +3.2443e+001  +1.3550e-002  +5.9412e-001  +8.7545e-002  +1.3429e+001  +1.2268e+000  +7.0236e-001  
-1.0000e+000  +1.4000e+000  +0.0000e+000  +1.0835e+001  +5.5278e+000  +3.6863e+001  +1.1205e-002  +5.7476e-001  +7.8674e-002  +1.5278e+001  +1.4101e+000  +7.1355e-001  
-1.0000e+000  +1.5000e+000  +0.0000e+000  +1.0738e+001  +5.8922e+000  +4.1964e+001  +9.2533e-003  +5.5897e-001  +7.0711e-002  +1.7359e+001  +1.6166e+000  +7.2296e-001  
-1.0000e+000  +1.6000e+000  +0.0000e+000  +1.0646e+001  +6.2775e+000  +4.7789e+001  +7.6451e-003  +5.4612e-001  +6.3602e-002  +1.9703e+001  +1.8508e+000  +7.3094e-001  
-1.0000e+000  +1.7000e+000  +0.0000e+000  +1.0559e+001  +6.6848e+000  +5.4441e+001  +6.3195e-003  +5.3573e-001  +5.7234e-002  +2.2343e+001  +2.1161e+000  +7.3770e-001  
-1.0000e+000  +1.8000e+000  +0.0000e+000  +1.0474e+001  +7.1156e+000  +6.2010e+001  +5.2294e-003  +5.2738e-001  +5.1529e-002  +2.5316e+001  +2.4171e+000  +7.4342e-001  
-1.0000e+000  +1.9000e+000  +0.0000e+000  +1.0389e+001  +7.5716e+000  +7.0589e+001  +4.3343e-003  +5.2070e-001  +4.6421e-002  +2.8664e+001  +2.7592e+000  +7.4829e-001  
-1.0000e+000  +2.0000e+000  +0.0000e+000  +1.0300e+001  +8.0543e+000  +8.0270e+001  +3.6003e-003  +5.1543e-001  +4.1850e-002  +3.2435e+001  +3.1490e+000  +7.5244e-001  
-1.0000e+000  +2.1000e+000  +0.0000e+000  +1.0206e+001  +8.5653e+000  +9.1143e+001  +2.9986e-003  +5.1131e-001  +3.7765e-002  +3.6683e+001  +3.5943e+000  +7.5602e-001  
-1.0000e+000  +2.2000e+000  +0.0000e+000  +1.0102e+001  +9.1066e+000  +1.0329e+002  +2.5055e-003  +5.0813e-001  +3.4116e-002  +4.1465e+001  +4.1046e+000  +7.5912e-001  
-1.0000e+000  +2.3000e+000  +0.0000e+000  +9.9635e+000  +9.6806e+000  +1.1646e+002  +2.1096e-003  +5.0561e-001  +3.0931e-002  +4.6857e+001  +4.7028e+000  +7.6203e-001  
-1.0000e+000  +2.4000e+000  +0.0000e+000  +9.8017e+000  +1.0289e+001  +1.3082e+002  +1.7862e-003  +5.0368e-001  +2.8113e-002  +5.2929e+001  +5.4000e+000  +7.6469e-001  
-1.0000e+000  +2.5000e+000  +0.0000e+000  +9.6478e+000  +1.0932e+001  +1.4696e+002  +1.5130e-003  +5.0240e-001  +2.5541e-002  +5.9760e+001  +6.1941e+000  +7.6689e-001  
-9.0000e-001  +5.0000e-001  +0.0000e+000  +1.2808e+001  +2.7515e+000  +1.4508e+001  +4.9557e-002  +1.1742e+000  +2.1924e-001  +3.7852e+000  +2.9555e-001  +4.2629e-001  
-9.0000e-001  +6.0000e-001  +0.0000e+000  +1.2433e+001  +2.9741e+000  +1.6063e+001  +4.1843e-002  +1.1021e+000  +1.9578e-001  +4.4228e+000  +3.5572e-001  +4.5639e-001  
-9.0000e-001  +7.0000e-001  +0.0000e+000  +1.2128e+001  +3.2072e+000  +1.7913e+001  +3.5066e-002  +1.0453e+000  +1.7555e-001  +5.1429e+000  +4.2407e-001  +4.8198e-001  
-9.0000e-001  +8.0000e-001  +0.0000e+000  +1.1872e+001  +3.4509e+000  +2.0084e+001  +2.9226e-002  +1.0001e+000  +1.5782e-001  +5.9542e+000  +5.0155e-001  +5.0366e-001  
-9.0000e-001  +9.0000e-001  +0.0000e+000  +1.1653e+001  +3.7057e+000  +2.2616e+001  +2.4260e-002  +9.6426e-001  +1.4212e-001  +6.8662e+000  +5.8920e-001  +5.2193e-001  
-9.0000e-001  +1.0000e+000  +0.0000e+000  +1.1463e+001  +3.9724e+000  +2.5549e+001  +2.0082e-002  +9.3595e-001  +1.2812e-001  +7.8899e+000  +6.8829e-001  +5.3722e-001  
-9.0000e-001  +1.1000e+000  +0.0000e+000  +1.1298e+001  +4.2514e+000  +2.8943e+001  +1.6586e-002  +9.1385e-001  +1.1556e-001  +9.0374e+000  +7.9994e-001  +5.4984e-001  
-9.0000e-001  +1.2000e+000  +0.0000e+000  +1.1151e+001  +4.5438e+000  +3.2855e+001  +1.3680e-002  +8.9696e-001  +1.0427e-001  +1.0323e+001  +9.2573e-001  +5.6016e-001  
-9.0000e-001  +1.3000e+000  +0.0000e+000  +1.1020e+001  +4.8502e+000  +3.7350e+001  +1.1276e-002  +8.8445e-001  +9.4105e-002  +1.1762e+001  +1.0674e+000  +5.6846e-001  
-9.0000e-001  +1.4000e+000  +0.0000e+000  +1.0901e+001  +5.1719e+000  +4.2502e+001  +9.2945e-003  +8.7561e-001  +8.4939e-002  +1.3374e+001  +1.2269e+000  +5.7502e-001  
-9.0000e-001  +1.5000e+000  +0.0000e+000  +1.0797e+001  +5.5095e+000  +4.8423e+001  +7.6578e-003  +8.6992e-001  +7.6637e-002  +1.5177e+001  +1.4057e+000  +5.8003e-001  
-9.0000e-001  +1.6000e+000  +0.0000e+000  +1.0695e+001  +5.8646e+000  +5.5145e+001  +6.3200e-003  +8.6676e-001  +6.9179e-002  +1.7197e+001  +1.6079e+000  +5.8383e-001  
-9.0000e-001  +1.7000e+000  +0.0000e+000  +1.0597e+001  +6.2384e+000  +6.2781e+001  +5.2237e-003  +8.6573e-001  +6.2460e-002  +1.9459e+001  +1.8362e+000  +5.8657e-001  
-9.0000e-001  +1.8000e+000  +0.0000e+000  +1.0500e+001  +6.6320e+000  +7.1421e+001  +4.3261e-003  +8.6645e-001  +5.6410e-002  +2.1992e+001  +2.0944e+000  +5.8844e-001  
-9.0000e-001  +1.9000e+000  +0.0000e+000  +1.0401e+001  +7.0469e+000  +8.1160e+001  +3.5915e-003  +8.6858e-001  +5.0971e-002  +2.4829e+001  +2.3871e+000  +5.8959e-001  
-9.0000e-001  +2.0000e+000  +0.0000e+000  +1.0297e+001  +7.4844e+000  +9.2085e+001  +2.9903e-003  +8.7184e-001  +4.6089e-002  +2.8008e+001  +2.7200e+000  +5.9017e-001  
-9.0000e-001  +2.1000e+000  +0.0000e+000  +1.0165e+001  +7.9473e+000  +1.0403e+002  +2.5065e-003  +8.7566e-001  +4.1788e-002  +3.1580e+001  +3.1066e+000  +5.9053e-001  
-9.0000e-001  +2.2000e+000  +0.0000e+000  +1.0039e+001  +8.4353e+000  +1.1749e+002  +2.1032e-003  +8.8039e-001  +3.7877e-002  +3.5577e+001  +3.5439e+000  +5.9035e-001  
-9.0000e-001  +2.3000e+000  +0.0000e+000  +9.8703e+000  +8.9524e+000  +1.3189e+002  +1.7809e-003  +8.8516e-001  +3.4475e-002  +4.0073e+001  +4.0600e+000  +5.9023e-001  
-9.0000e-001  +2.4000e+000  +0.0000e+000  +9.6769e+000  +9.4998e+000  +1.4745e+002  +1.5174e-003  +8.9013e-001  +3.1463e-002  +4.5123e+001  +4.6630e+000  +5.9001e-001  
-9.0000e-001  +2.5000e+000  +0.0000e+000  +9.4569e+000  +1.0079e+001  +1.6411e+002  +1.3015e-003  +8.9516e-001  +2.8801e-002  +5.0798e+001  +5.3715e+000  +5.8978e-001  
