lgsgm0.21     lgsgm1.20     p3fl.0        tCrcl.10      vImpct.21     xMax.21       pMin.22       pMax.22       pMdl.0        E.0           N.0           eta.0         
-3.0000e+000  +5.0000e-001  +0.0000e+000  +7.8456e+001  +3.8621e+000  +1.0010e+001  +7.3587e-002  +1.0096e+000  +8.7254e-001  +7.4578e+000  +9.5057e-002  +3.4451e-002  
-3.0000e+000  +6.0000e-001  +0.0000e+000  +6.9941e+001  +4.2935e+000  +1.0010e+001  +7.1028e-002  +1.0097e+000  +8.5702e-001  +9.2169e+000  +1.3178e-001  +3.8624e-002  
-3.0000e+000  +7.0000e-001  +0.0000e+000  +6.2349e+001  +4.7777e+000  +1.0010e+001  +6.8819e-002  +1.0097e+000  +8.3961e-001  +1.1413e+001  +1.8306e-001  +4.3502e-002  
-3.0000e+000  +8.0000e-001  +0.0000e+000  +5.5580e+001  +5.3213e+000  +1.0010e+001  +6.6905e-002  +1.0098e+000  +8.2008e-001  +1.4158e+001  +2.5474e-001  +4.9231e-002  
-3.0000e+000  +9.0000e-001  +0.0000e+000  +4.9544e+001  +5.9314e+000  +1.0010e+001  +6.5242e-002  +1.0098e+000  +7.9816e-001  +1.7591e+001  +3.5505e-001  +5.6002e-002  
-3.0000e+000  +1.0000e+000  +0.0000e+000  +4.4163e+001  +6.6162e+000  +1.0010e+001  +6.3794e-002  +1.0098e+000  +7.7357e-001  +2.1887e+001  +4.9559e-001  +6.4066e-002  
-3.0000e+000  +1.1000e+000  +0.0000e+000  +3.9366e+001  +7.3847e+000  +1.0010e+001  +6.2531e-002  +1.0099e+000  +7.4598e-001  +2.7267e+001  +6.9264e-001  +7.3754e-002  
-3.0000e+000  +1.2000e+000  +0.0000e+000  +3.5090e+001  +8.2471e+000  +1.0010e+001  +6.1425e-002  +1.0099e+000  +7.1502e-001  +3.4007e+001  +9.6915e-001  +8.5522e-002  
-3.0000e+000  +1.3000e+000  +0.0000e+000  +3.1277e+001  +9.2149e+000  +1.0010e+001  +6.0457e-002  +1.0099e+000  +6.8028e-001  +4.2457e+001  +1.3574e+000  +1.0001e-001  
-3.0000e+000  +1.4000e+000  +0.0000e+000  +2.7879e+001  +1.0301e+001  +1.0010e+001  +5.9606e-002  +1.0099e+000  +6.4130e-001  +5.3055e+001  +1.9030e+000  +1.1814e-001  
-3.0000e+000  +1.5000e+000  +0.0000e+000  +2.4849e+001  +1.1520e+001  +1.0010e+001  +5.8858e-002  +1.0100e+000  +5.9757e-001  +6.6351e+001  +2.6701e+000  +1.4130e-001  
-3.0000e+000  +1.6000e+000  +0.0000e+000  +2.2149e+001  +1.2887e+001  +1.0010e+001  +5.8199e-002  +1.0099e+000  +5.4851e-001  +8.3038e+001  +3.7491e+000  +1.7169e-001  
-3.0000e+000  +1.7000e+000  +0.0000e+000  +1.9742e+001  +1.4421e+001  +1.0010e+001  +5.7617e-002  +1.0096e+000  +4.9346e-001  +1.0398e+002  +5.2668e+000  +2.1296e-001  
-3.0000e+000  +1.8000e+000  +0.0000e+000  +1.7597e+001  +1.6133e+001  +1.0010e+001  +5.7090e-002  +1.0070e+000  +4.3171e-001  +1.3014e+002  +7.3957e+000  +2.7151e-001  
-3.0000e+000  +1.9000e+000  +0.0000e+000  +1.5688e+001  +1.7999e+001  +1.0010e+001  +5.6547e-002  +9.9017e-001  +3.6257e-001  +1.6199e+002  +1.0326e+001  +3.5853e-001  
-3.0000e+000  +2.0000e+000  +0.0000e+000  +1.4001e+001  +1.9796e+001  +1.0011e+001  +5.5671e-002  +9.1117e-001  +2.8579e-001  +1.9594e+002  +1.3995e+001  +4.8969e-001  
-3.0000e+000  +2.1000e+000  +0.0000e+000  +1.2548e+001  +2.0677e+001  +1.0015e+001  +5.3318e-002  +6.7204e-001  +2.0304e-001  +2.1377e+002  +1.7037e+001  +6.6649e-001  
-3.0000e+000  +2.2000e+000  +0.0000e+000  +1.1384e+001  +1.9154e+001  +1.0032e+001  +4.6522e-002  +3.2096e-001  +1.2164e-001  +1.8344e+002  +1.6115e+001  +8.3588e-001  
-3.0000e+000  +2.3000e+000  +0.0000e+000  +1.0617e+001  +1.5200e+001  +1.0099e+001  +3.2730e-002  +1.0485e-001  +5.8335e-002  +1.1552e+002  +1.0881e+001  +9.3484e-001  
-3.0000e+000  +2.4000e+000  +0.0000e+000  +1.0262e+001  +1.1464e+001  +1.0296e+001  +1.8946e-002  +3.6115e-002  +2.6192e-002  +6.5715e+001  +6.4040e+000  +9.7337e-001  
-3.0000e+000  +2.5000e+000  +0.0000e+000  +1.0119e+001  +9.3188e+000  +1.0659e+001  +1.1219e-002  +1.6794e-002  +1.3738e-002  +4.3420e+001  +4.2907e+000  +9.8765e-001  
-2.9000e+000  +5.0000e-001  +0.0000e+000  +7.0342e+001  +3.8613e+000  +1.0013e+001  +7.3574e-002  +1.0120e+000  +8.5784e-001  +7.4549e+000  +1.0598e-001  +3.9068e-002  
-2.9000e+000  +6.0000e-001  +0.0000e+000  +6.2710e+001  +4.2927e+000  +1.0013e+001  +7.1017e-002  +1.0121e+000  +8.4053e-001  +9.2136e+000  +1.4692e-001  +4.3907e-002  
-2.9000e+000  +7.0000e-001  +0.0000e+000  +5.5904e+001  +4.7769e+000  +1.0013e+001  +6.8808e-002  +1.0122e+000  +8.2112e-001  +1.1409e+001  +2.0409e-001  +4.9593e-002  
-2.9000e+000  +8.0000e-001  +0.0000e+000  +4.9835e+001  +5.3205e+000  +1.0013e+001  +6.6895e-002  +1.0122e+000  +7.9934e-001  +1.4154e+001  +2.8401e-001  +5.6313e-002  
-2.9000e+000  +9.0000e-001  +0.0000e+000  +4.4424e+001  +5.9306e+000  +1.0013e+001  +6.5234e-002  +1.0123e+000  +7.7490e-001  +1.7586e+001  +3.9586e-001  +6.4313e-002  
-2.9000e+000  +1.0000e+000  +0.0000e+000  +3.9600e+001  +6.6153e+000  +1.0013e+001  +6.3787e-002  +1.0123e+000  +7.4748e-001  +2.1881e+001  +5.5255e-001  +7.3922e-002  
-2.9000e+000  +1.1000e+000  +0.0000e+000  +3.5299e+001  +7.3838e+000  +1.0013e+001  +6.2524e-002  +1.0124e+000  +7.1671e-001  +2.7260e+001  +7.7226e-001  +8.5589e-002  
-2.9000e+000  +1.2000e+000  +0.0000e+000  +3.1465e+001  +8.2462e+000  +1.0013e+001  +6.1419e-002  +1.0124e+000  +6.8219e-001  +3.4000e+001  +1.0806e+000  +9.9941e-002  
-2.9000e+000  +1.3000e+000  +0.0000e+000  +2.8047e+001  +9.2140e+000  +1.0013e+001  +6.0451e-002  +1.0125e+000  +6.4345e-001  +4.2449e+001  +1.5135e+000  +1.1789e-001  
-2.9000e+000  +1.4000e+000  +0.0000e+000  +2.5000e+001  +1.0300e+001  +1.0013e+001  +5.9601e-002  +1.0125e+000  +5.9999e-001  +5.3045e+001  +2.1218e+000  +1.4079e-001  
-2.9000e+000  +1.5000e+000  +0.0000e+000  +2.2283e+001  +1.1519e+001  +1.0013e+001  +5.8853e-002  +1.0125e+000  +5.5123e-001  +6.6339e+001  +2.9771e+000  +1.7079e-001  
-2.9000e+000  +1.6000e+000  +0.0000e+000  +1.9862e+001  +1.2885e+001  +1.0013e+001  +5.8194e-002  +1.0122e+000  +4.9652e-001  +8.3016e+001  +4.1796e+000  +2.1145e-001  
-2.9000e+000  +1.7000e+000  +0.0000e+000  +1.7704e+001  +1.4412e+001  +1.0013e+001  +5.7601e-002  +1.0097e+000  +4.3516e-001  +1.0386e+002  +5.8663e+000  +2.6898e-001  
-2.9000e+000  +1.8000e+000  +0.0000e+000  +1.5784e+001  +1.6080e+001  +1.0013e+001  +5.7006e-002  +9.9406e-001  +3.6645e-001  +1.2929e+002  +8.1910e+000  +3.5425e-001  
-2.9000e+000  +1.9000e+000  +0.0000e+000  +1.4088e+001  +1.7705e+001  +1.0014e+001  +5.6118e-002  +9.1941e-001  +2.9019e-001  +1.5673e+002  +1.1125e+001  +4.8265e-001  
-2.9000e+000  +2.0000e+000  +0.0000e+000  +1.2629e+001  +1.8578e+001  +1.0019e+001  +5.3878e-002  +6.9003e-001  +2.0817e-001  +1.7257e+002  +1.3665e+001  +6.5644e-001  
-2.9000e+000  +2.1000e+000  +0.0000e+000  +1.1463e+001  +1.7443e+001  +1.0038e+001  +4.7590e-002  +3.4420e-001  +1.2774e-001  +1.5213e+002  +1.3271e+001  +8.2525e-001  
-2.9000e+000  +2.2000e+000  +0.0000e+000  +1.0689e+001  +1.4243e+001  +1.0109e+001  +3.4878e-002  +1.2090e-001  +6.4620e-002  +1.0144e+002  +9.4903e+000  +9.2665e-001  
-2.9000e+000  +2.3000e+000  +0.0000e+000  +1.0311e+001  +1.1069e+001  +1.0307e+001  +2.1435e-002  +4.4079e-002  +3.0754e-002  +6.1265e+001  +5.9416e+000  +9.6827e-001  
-2.9000e+000  +2.4000e+000  +0.0000e+000  +1.0154e+001  +9.1301e+000  +1.0672e+001  +1.3178e-002  +2.0904e-002  +1.6603e-002  +4.1679e+001  +4.1045e+000  +9.8420e-001  
-2.9000e+000  +2.5000e+000  +0.0000e+000  +1.0076e+001  +8.1075e+000  +1.1194e+001  +8.7989e-003  +1.2312e-002  +1.0399e-002  +3.2866e+001  +3.2619e+000  +9.9195e-001  
-2.8000e+000  +5.0000e-001  +0.0000e+000  +6.3114e+001  +3.8603e+000  +1.0016e+001  +7.3559e-002  +1.0151e+000  +8.4156e-001  +7.4511e+000  +1.1806e-001  +4.4363e-002  
-2.8000e+000  +6.0000e-001  +0.0000e+000  +5.6267e+001  +4.2917e+000  +1.0016e+001  +7.1003e-002  +1.0152e+000  +8.2228e-001  +9.2092e+000  +1.6367e-001  +4.9998e-002  
-2.8000e+000  +7.0000e-001  +0.0000e+000  +5.0161e+001  +4.7759e+000  +1.0016e+001  +6.8796e-002  +1.0153e+000  +8.0064e-001  +1.1404e+001  +2.2736e-001  +5.6659e-002  
-2.8000e+000  +8.0000e-001  +0.0000e+000  +4.4717e+001  +5.3194e+000  +1.0016e+001  +6.6884e-002  +1.0153e+000  +7.7637e-001  +1.4148e+001  +3.1639e-001  +6.4588e-002  
-2.8000e+000  +9.0000e-001  +0.0000e+000  +3.9863e+001  +5.9295e+000  +1.0016e+001  +6.5223e-002  +1.0154e+000  +7.4914e-001  +1.7579e+001  +4.4099e-001  +7.4108e-002  
-2.8000e+000  +1.0000e+000  +0.0000e+000  +3.5535e+001  +6.6142e+000  +1.0016e+001  +6.3777e-002  +1.0155e+000  +7.1859e-001  +2.1874e+001  +6.1555e-001  +8.5662e-002  
-2.8000e+000  +1.1000e+000  +0.0000e+000  +3.1676e+001  +7.3826e+000  +1.0016e+001  +6.2515e-002  +1.0156e+000  +6.8430e-001  +2.7252e+001  +8.6032e-001  +9.9864e-002  
-2.8000e+000  +1.2000e+000  +0.0000e+000  +2.8236e+001  +8.2450e+000  +1.0016e+001  +6.1411e-002  +1.0156e+000  +6.4584e-001  +3.3990e+001  +1.2038e+000  +1.1761e-001  
-2.8000e+000  +1.3000e+000  +0.0000e+000  +2.5169e+001  +9.2128e+000  +1.0016e+001  +6.0444e-002  +1.0157e+000  +6.0268e-001  +4.2438e+001  +1.6861e+000  +1.4022e-001  
-2.8000e+000  +1.4000e+000  +0.0000e+000  +2.2435e+001  +1.0299e+001  +1.0016e+001  +5.9594e-002  +1.0157e+000  +5.5426e-001  +5.3032e+001  +2.3639e+000  +1.6979e-001  
-2.8000e+000  +1.5000e+000  +0.0000e+000  +1.9997e+001  +1.1517e+001  +1.0016e+001  +5.8846e-002  +1.0154e+000  +4.9993e-001  +6.6318e+001  +3.3164e+000  +2.0978e-001  
-2.8000e+000  +1.6000e+000  +0.0000e+000  +1.7825e+001  +1.2878e+001  +1.0016e+001  +5.8178e-002  +1.0132e+000  +4.3899e-001  +8.2926e+001  +4.6522e+000  +2.6620e-001  
-2.8000e+000  +1.7000e+000  +0.0000e+000  +1.5892e+001  +1.4369e+001  +1.0016e+001  +5.7524e-002  +9.9865e-001  +3.7077e-001  +1.0323e+002  +6.4959e+000  +3.4957e-001  
-2.8000e+000  +1.8000e+000  +0.0000e+000  +1.4186e+001  +1.5839e+001  +1.0017e+001  +5.6617e-002  +9.2861e-001  +2.9506e-001  +1.2543e+002  +8.8422e+000  +4.7494e-001  
-2.8000e+000  +1.9000e+000  +0.0000e+000  +1.2719e+001  +1.6698e+001  +1.0023e+001  +5.4487e-002  +7.0961e-001  +2.1378e-001  +1.3941e+002  +1.0961e+001  +6.4545e-001  
-2.8000e+000  +2.0000e+000  +0.0000e+000  +1.1551e+001  +1.5889e+001  +1.0044e+001  +4.8694e-002  +3.6978e-001  +1.3432e-001  +1.2623e+002  +1.0928e+001  +8.1356e-001  
-2.8000e+000  +2.1000e+000  +0.0000e+000  +1.0767e+001  +1.3327e+001  +1.0120e+001  +3.7033e-002  +1.3923e-001  +7.1406e-002  +8.8810e+001  +8.2482e+000  +9.1754e-001  
-2.8000e+000  +2.2000e+000  +0.0000e+000  +1.0367e+001  +1.0655e+001  +1.0320e+001  +2.4050e-002  +5.3636e-002  +3.5899e-002  +5.6770e+001  +5.4759e+000  +9.6242e-001  
-2.8000e+000  +2.3000e+000  +0.0000e+000  +1.0193e+001  +8.9272e+000  +1.0686e+001  +1.5370e-002  +2.6010e-002  +1.9986e-002  +3.9848e+001  +3.9093e+000  +9.8034e-001  
-2.8000e+000  +2.4000e+000  +0.0000e+000  +1.0108e+001  +7.9814e+000  +1.1213e+001  +1.0470e-002  +1.5424e-002  +1.2687e-002  +3.1851e+001  +3.1510e+000  +9.8878e-001  
-2.8000e+000  +2.5000e+000  +0.0000e+000  +1.0056e+001  +7.5046e+000  +1.1891e+001  +7.6358e-003  +1.0448e-002  +8.9098e-003  +2.8159e+001  +2.8003e+000  +9.9390e-001  
-2.7000e+000  +5.0000e-001  +0.0000e+000  +5.6675e+001  +3.8591e+000  +1.0020e+001  +7.3540e-002  +1.0188e+000  +8.2355e-001  +7.4463e+000  +1.3139e-001  +5.0450e-002  
-2.7000e+000  +6.0000e-001  +0.0000e+000  +5.0528e+001  +4.2904e+000  +1.0020e+001  +7.0985e-002  +1.0190e+000  +8.0209e-001  +9.2036e+000  +1.8215e-001  +5.7043e-002  
-2.7000e+000  +7.0000e-001  +0.0000e+000  +4.5047e+001  +4.7745e+000  +1.0020e+001  +6.8779e-002  +1.0191e+000  +7.7801e-001  +1.1398e+001  +2.5303e-001  +6.4891e-002  
-2.7000e+000  +8.0000e-001  +0.0000e+000  +4.0159e+001  +5.3180e+000  +1.0020e+001  +6.6869e-002  +1.0192e+000  +7.5099e-001  +1.4141e+001  +3.5212e-001  +7.4312e-002  
-2.7000e+000  +9.0000e-001  +0.0000e+000  +3.5800e+001  +5.9280e+000  +1.0020e+001  +6.5209e-002  +1.0193e+000  +7.2067e-001  +1.7571e+001  +4.9081e-001  +8.5738e-002  
-2.7000e+000  +1.0000e+000  +0.0000e+000  +3.1914e+001  +6.6127e+000  +1.0020e+001  +6.3765e-002  +1.0194e+000  +6.8665e-001  +2.1864e+001  +6.8510e-001  +9.9774e-002  
-2.7000e+000  +1.1000e+000  +0.0000e+000  +2.8449e+001  +7.3811e+000  +1.0020e+001  +6.2504e-002  +1.0195e+000  +6.4849e-001  +2.7241e+001  +9.5754e-001  +1.1729e-001  
-2.7000e+000  +1.2000e+000  +0.0000e+000  +2.5359e+001  +8.2435e+000  +1.0020e+001  +6.1401e-002  +1.0196e+000  +6.0567e-001  +3.3978e+001  +1.3399e+000  +1.3958e-001  
-2.7000e+000  +1.3000e+000  +0.0000e+000  +2.2605e+001  +9.2112e+000  +1.0020e+001  +6.0434e-002  +1.0196e+000  +5.5762e-001  +4.2423e+001  +1.8767e+000  +1.6868e-001  
-2.7000e+000  +1.4000e+000  +0.0000e+000  +2.0150e+001  +1.0297e+001  +1.0020e+001  +5.9585e-002  +1.0195e+000  +5.0371e-001  +5.3011e+001  +2.6309e+000  +2.0793e-001  
-2.7000e+000  +1.5000e+000  +0.0000e+000  +1.7961e+001  +1.1511e+001  +1.0020e+001  +5.8829e-002  +1.0174e+000  +4.4325e-001  +6.6248e+001  +3.6883e+000  +2.6314e-001  
-2.7000e+000  +1.6000e+000  +0.0000e+000  +1.6014e+001  +1.2843e+001  +1.0020e+001  +5.8107e-002  +1.0041e+000  +3.7556e-001  +8.2472e+001  +5.1499e+000  +3.4444e-001  
-2.7000e+000  +1.7000e+000  +0.0000e+000  +1.4295e+001  +1.4173e+001  +1.0022e+001  +5.7174e-002  +9.3890e-001  +3.0047e-001  +1.0043e+002  +7.0256e+000  +4.6653e-001  
-2.7000e+000  +1.8000e+000  +0.0000e+000  +1.2820e+001  +1.5013e+001  +1.0028e+001  +5.5148e-002  +7.3099e-001  +2.1996e-001  +1.1270e+002  +8.7912e+000  +6.3344e-001  
-2.7000e+000  +1.9000e+000  +0.0000e+000  +1.1646e+001  +1.4476e+001  +1.0052e+001  +4.9833e-002  +3.9797e-001  +1.4144e-001  +1.0477e+002  +8.9962e+000  +8.0071e-001  
-2.7000e+000  +2.0000e+000  +0.0000e+000  +1.0853e+001  +1.2452e+001  +1.0132e+001  +3.9188e-002  +1.6013e-001  +7.8726e-002  +7.7528e+001  +7.1436e+000  +9.0740e-001  
-2.7000e+000  +2.1000e+000  +0.0000e+000  +1.0431e+001  +1.0226e+001  +1.0336e+001  +2.6768e-002  +6.5072e-002  +4.1663e-002  +5.2287e+001  +5.0127e+000  +9.5571e-001  
-2.7000e+000  +2.2000e+000  +0.0000e+000  +1.0238e+001  +8.7062e+000  +1.0703e+001  +1.7780e-002  +3.2318e-002  +2.3936e-002  +3.7899e+001  +3.7020e+000  +9.7586e-001  
-2.7000e+000  +2.3000e+000  +0.0000e+000  +1.0143e+001  +7.8461e+000  +1.1234e+001  +1.2384e-002  +1.9341e-002  +1.5435e-002  +3.0780e+001  +3.0348e+000  +9.8540e-001  
-2.7000e+000  +2.4000e+000  +0.0000e+000  +1.0086e+001  +7.4078e+000  +1.1918e+001  +9.1439e-003  +1.3152e-002  +1.0929e-002  +2.7438e+001  +2.7205e+000  +9.9097e-001  
-2.7000e+000  +2.5000e+000  +0.0000e+000  +1.0042e+001  +7.2360e+000  +1.2755e+001  +7.0944e-003  +9.7408e-003  +8.2843e-003  +2.6180e+001  +2.6070e+000  +9.9513e-001  
-2.6000e+000  +5.0000e-001  +0.0000e+000  +5.0940e+001  +3.8575e+000  +1.0025e+001  +7.3516e-002  +1.0236e+000  +8.0369e-001  +7.4401e+000  +1.4606e-001  +5.7468e-002  
-2.6000e+000  +6.0000e-001  +0.0000e+000  +4.5417e+001  +4.2887e+000  +1.0025e+001  +7.0963e-002  +1.0238e+000  +7.7982e-001  +9.1964e+000  +2.0249e-001  +6.5224e-002  
-2.6000e+000  +7.0000e-001  +0.0000e+000  +4.0491e+001  +4.7728e+000  +1.0025e+001  +6.8759e-002  +1.0239e+000  +7.5303e-001  +1.1390e+001  +2.8129e-001  +7.4532e-002  
-2.6000e+000  +8.0000e-001  +0.0000e+000  +3.6098e+001  +5.3162e+000  +1.0025e+001  +6.6850e-002  +1.0241e+000  +7.2298e-001  +1.4131e+001  +3.9146e-001  +8.5815e-002  
-2.6000e+000  +9.0000e-001  +0.0000e+000  +3.2181e+001  +5.9262e+000  +1.0025e+001  +6.5192e-002  +1.0243e+000  +6.8926e-001  +1.7560e+001  +5.4566e-001  +9.9664e-002  
-2.6000e+000  +1.0000e+000  +0.0000e+000  +2.8688e+001  +6.6108e+000  +1.0025e+001  +6.3749e-002  +1.0244e+000  +6.5143e-001  +2.1852e+001  +7.6169e-001  +1.1693e-001  
-2.6000e+000  +1.1000e+000  +0.0000e+000  +2.5574e+001  +7.3792e+000  +1.0025e+001  +6.2489e-002  +1.0245e+000  +6.0898e-001  +2.7226e+001  +1.0646e+000  +1.3887e-001  
-2.6000e+000  +1.2000e+000  +0.0000e+000  +2.2797e+001  +8.2415e+000  +1.0025e+001  +6.1388e-002  +1.0246e+000  +5.6135e-001  +3.3961e+001  +1.4897e+000  +1.6745e-001  
-2.6000e+000  +1.3000e+000  +0.0000e+000  +2.0322e+001  +9.2089e+000  +1.0025e+001  +6.0422e-002  +1.0245e+000  +5.0791e-001  +4.2402e+001  +2.0865e+000  +2.0589e-001  
-2.6000e+000  +1.4000e+000  +0.0000e+000  +1.8115e+001  +1.0291e+001  +1.0025e+001  +5.9566e-002  +1.0227e+000  +4.4798e-001  +5.2954e+001  +2.9232e+000  +2.5978e-001  
-2.6000e+000  +1.5000e+000  +0.0000e+000  +1.6152e+001  +1.1482e+001  +1.0025e+001  +5.8765e-002  +1.0106e+000  +3.8088e-001  +6.5919e+001  +4.0812e+000  +3.3884e-001  
-2.6000e+000  +1.6000e+000  +0.0000e+000  +1.4419e+001  +1.2685e+001  +1.0027e+001  +5.7796e-002  +9.5044e-001  +3.0646e-001  +8.0458e+001  +5.5801e+000  +4.5737e-001  
-2.6000e+000  +1.7000e+000  +0.0000e+000  +1.2932e+001  +1.3503e+001  +1.0034e+001  +5.5867e-002  +7.5438e-001  +2.2676e-001  +9.1166e+001  +7.0495e+000  +6.2030e-001  
-2.6000e+000  +1.8000e+000  +0.0000e+000  +1.1752e+001  +1.3189e+001  +1.0061e+001  +5.1006e-002  +4.2891e-001  +1.4911e-001  +8.6972e+001  +7.4007e+000  +7.8662e-001  
-2.6000e+000  +1.9000e+000  +0.0000e+000  +1.0947e+001  +1.1617e+001  +1.0146e+001  +4.1331e-002  +1.8392e-001  +8.6593e-002  +6.7473e+001  +6.1638e+000  +8.9611e-001  
-2.6000e+000  +2.0000e+000  +0.0000e+000  +1.0502e+001  +9.7866e+000  +1.0353e+001  +2.9568e-002  +7.8758e-002  +4.8098e-002  +4.7888e+001  +4.5599e+000  +9.4805e-001  
-2.6000e+000  +2.1000e+000  +0.0000e+000  +1.0288e+001  +8.4693e+000  +1.0723e+001  +2.0399e-002  +4.0119e-002  +2.8526e-002  +3.5865e+001  +3.4861e+000  +9.7071e-001  
-2.6000e+000  +2.2000e+000  +0.0000e+000  +1.0180e+001  +7.6990e+000  +1.1257e+001  +1.4543e-002  +2.4264e-002  +1.8712e-002  +2.9637e+001  +2.9112e+000  +9.8163e-001  
-2.6000e+000  +2.3000e+000  +0.0000e+000  +1.0117e+001  +7.3031e+000  +1.1948e+001  +1.0886e-002  +1.6579e-002  +1.3373e-002  +2.6667e+001  +2.6360e+000  +9.8789e-001  
-2.6000e+000  +2.4000e+000  +0.0000e+000  +1.0075e+001  +7.1497e+000  +1.2799e+001  +8.5061e-003  +1.2297e-002  +1.0181e-002  +2.5559e+001  +2.5369e+000  +9.9197e-001  
-2.6000e+000  +2.5000e+000  +0.0000e+000  +1.0044e+001  +7.1637e+000  +1.3819e+001  +6.8796e-003  +9.6570e-003  +8.1196e-003  +2.5659e+001  +2.5546e+000  +9.9493e-001  
-2.5000e+000  +5.0000e-001  +0.0000e+000  +4.5833e+001  +3.8554e+000  +1.0031e+001  +7.3487e-002  +1.0294e+000  +7.8182e-001  +7.4320e+000  +1.6215e-001  +6.5588e-002  
-2.5000e+000  +6.0000e-001  +0.0000e+000  +4.0865e+001  +4.2865e+000  +1.0031e+001  +7.0935e-002  +1.0297e+000  +7.5529e-001  +9.1871e+000  +2.2482e-001  +7.4767e-002  
-2.5000e+000  +7.0000e-001  +0.0000e+000  +3.6434e+001  +4.7705e+000  +1.0031e+001  +6.8733e-002  +1.0300e+000  +7.2553e-001  +1.1379e+001  +3.1232e-001  +8.5890e-002  
-2.5000e+000  +8.0000e-001  +0.0000e+000  +3.2482e+001  +5.3139e+000  +1.0031e+001  +6.6826e-002  +1.0302e+000  +6.9214e-001  +1.4119e+001  +4.3466e-001  +9.9530e-002  
-2.5000e+000  +9.0000e-001  +0.0000e+000  +2.8958e+001  +5.9238e+000  +1.0031e+001  +6.5171e-002  +1.0304e+000  +6.5468e-001  +1.7546e+001  +6.0590e-001  +1.1651e-001  
-2.5000e+000  +1.0000e+000  +0.0000e+000  +2.5816e+001  +6.6084e+000  +1.0031e+001  +6.3729e-002  +1.0306e+000  +6.1264e-001  +2.1836e+001  +8.4581e-001  +1.3806e-001  
-2.5000e+000  +1.1000e+000  +0.0000e+000  +2.3014e+001  +7.3767e+000  +1.0031e+001  +6.2471e-002  +1.0307e+000  +5.6548e-001  +2.7208e+001  +1.1822e+000  +1.6607e-001  
-2.5000e+000  +1.2000e+000  +0.0000e+000  +2.0516e+001  +8.2387e+000  +1.0031e+001  +6.1371e-002  +1.0307e+000  +5.1256e-001  +3.3938e+001  +1.6543e+000  +2.0364e-001  
-2.5000e+000  +1.3000e+000  +0.0000e+000  +1.8289e+001  +9.2036e+000  +1.0031e+001  +6.0400e-002  +1.0292e+000  +4.5321e-001  +4.2353e+001  +2.3158e+000  +2.5610e-001  
-2.5000e+000  +1.4000e+000  +0.0000e+000  +1.6307e+001  +1.0268e+001  +1.0032e+001  +5.9506e-002  +1.0184e+000  +3.8677e-001  +5.2715e+001  +3.2327e+000  +3.3274e-001  
-2.5000e+000  +1.5000e+000  +0.0000e+000  +1.4558e+001  +1.1357e+001  +1.0034e+001  +5.8491e-002  +9.6343e-001  +3.1308e-001  +6.4485e+001  +4.4296e+000  +4.4742e-001  
-2.5000e+000  +1.6000e+000  +0.0000e+000  +1.3058e+001  +1.2147e+001  +1.0042e+001  +5.6646e-002  +7.7983e-001  +2.3420e-001  +7.3779e+001  +5.6501e+000  +6.0600e-001  
-2.5000e+000  +1.7000e+000  +0.0000e+000  +1.1868e+001  +1.2017e+001  +1.0072e+001  +5.2218e-002  +4.6311e-001  +1.5743e-001  +7.2203e+001  +6.0839e+000  +7.7108e-001  
-2.5000e+000  +1.8000e+000  +0.0000e+000  +1.1049e+001  +1.0823e+001  +1.0162e+001  +4.3467e-002  +2.1113e-001  +9.5093e-002  +5.8571e+001  +5.3009e+000  +8.8349e-001  
-2.5000e+000  +1.9000e+000  +0.0000e+000  +1.0582e+001  +9.3382e+000  +1.0373e+001  +3.2416e-002  +9.5064e-002  +5.5224e-002  +4.3601e+001  +4.1203e+000  +9.3928e-001  
-2.5000e+000  +2.0000e+000  +0.0000e+000  +1.0346e+001  +8.2163e+000  +1.0745e+001  +2.3203e-002  +4.9747e-002  +3.3819e-002  +3.3754e+001  +3.2626e+000  +9.6473e-001  
-2.5000e+000  +2.1000e+000  +0.0000e+000  +1.0223e+001  +7.5384e+000  +1.1283e+001  +1.6945e-002  +3.0447e-002  +2.2591e-002  +2.8414e+001  +2.7794e+000  +9.7729e-001  
-2.5000e+000  +2.2000e+000  +0.0000e+000  +1.0153e+001  +7.1860e+000  +1.1983e+001  +1.2863e-002  +2.0909e-002  +1.6301e-002  +2.5819e+001  +2.5430e+000  +9.8430e-001  
-2.5000e+000  +2.3000e+000  +0.0000e+000  +1.0107e+001  +7.0570e+000  +1.2845e+001  +1.0140e-002  +1.5559e-002  +1.2487e-002  +2.4900e+001  +2.4637e+000  +9.8882e-001  
-2.5000e+000  +2.4000e+000  +0.0000e+000  +1.0074e+001  +7.0851e+000  +1.3883e+001  +8.2450e-003  +1.2246e-002  +9.9988e-003  +2.5100e+001  +2.4915e+000  +9.9201e-001  
-2.5000e+000  +2.5000e+000  +0.0000e+000  +1.0041e+001  +7.2359e+000  +1.5105e+001  +6.8772e-003  +1.0049e-002  +8.2857e-003  +2.6179e+001  +2.6072e+000  +9.9506e-001  
-2.4000e+000  +5.0000e-001  +0.0000e+000  +4.1287e+001  +3.8527e+000  +1.0039e+001  +7.3449e-002  +1.0368e+000  +7.5779e-001  +7.4216e+000  +1.7976e-001  +7.5014e-002  
-2.4000e+000  +6.0000e-001  +0.0000e+000  +3.6813e+001  +4.2837e+000  +1.0039e+001  +7.0901e-002  +1.0371e+000  +7.2835e-001  +9.1751e+000  +2.4924e-001  +8.5954e-002  
-2.4000e+000  +7.0000e-001  +0.0000e+000  +3.2822e+001  +4.7676e+000  +1.0039e+001  +6.8701e-002  +1.0375e+000  +6.9533e-001  +1.1365e+001  +3.4626e-001  +9.9361e-002  
-2.4000e+000  +8.0000e-001  +0.0000e+000  +2.9263e+001  +5.3109e+000  +1.0039e+001  +6.6797e-002  +1.0378e+000  +6.5827e-001  +1.4103e+001  +4.8193e-001  +1.1603e-001  
-2.4000e+000  +9.0000e-001  +0.0000e+000  +2.6089e+001  +5.9207e+000  +1.0039e+001  +6.5143e-002  +1.0381e+000  +6.1670e-001  +1.7528e+001  +6.7183e-001  +1.3715e-001  
-2.4000e+000  +1.0000e+000  +0.0000e+000  +2.3258e+001  +6.6052e+000  +1.0039e+001  +6.3704e-002  +1.0384e+000  +5.7005e-001  +2.1814e+001  +9.3791e-001  +1.6453e-001  
-2.4000e+000  +1.1000e+000  +0.0000e+000  +2.0734e+001  +7.3733e+000  +1.0039e+001  +6.2448e-002  +1.0384e+000  +5.1771e-001  +2.7182e+001  +1.3110e+000  +2.0114e-001  
-2.4000e+000  +1.2000e+000  +0.0000e+000  +1.8485e+001  +8.2334e+000  +1.0039e+001  +6.1345e-002  +1.0372e+000  +4.5901e-001  +3.3894e+001  +1.8337e+000  +2.5206e-001  
-2.4000e+000  +1.3000e+000  +0.0000e+000  +1.6482e+001  +9.1845e+000  +1.0040e+001  +6.0343e-002  +1.0277e+000  +3.9328e-001  +4.2177e+001  +2.5590e+000  +3.2610e-001  
-2.4000e+000  +1.4000e+000  +0.0000e+000  +1.4714e+001  +1.0169e+001  +1.0042e+001  +5.9267e-002  +9.7810e-001  +3.2039e-001  +5.1705e+001  +3.5139e+000  +4.3663e-001  
-2.4000e+000  +1.5000e+000  +0.0000e+000  +1.3199e+001  +1.0930e+001  +1.0051e+001  +5.7492e-002  +8.0762e-001  +2.4236e-001  +5.9728e+001  +4.5253e+000  +5.9045e-001  
-2.4000e+000  +1.6000e+000  +0.0000e+000  +1.1996e+001  +1.0948e+001  +1.0084e+001  +5.3466e-002  +5.0082e-001  +1.6642e-001  +5.9926e+001  +4.9955e+000  +7.5399e-001  
-2.4000e+000  +1.7000e+000  +0.0000e+000  +1.1162e+001  +1.0068e+001  +1.0180e+001  +4.5578e-002  +2.4203e-001  +1.0420e-001  +5.0681e+001  +4.5404e+000  +8.6940e-001  
-2.4000e+000  +1.8000e+000  +0.0000e+000  +1.0671e+001  +8.8859e+000  +1.0396e+001  +3.5291e-002  +1.1451e-001  +6.3098e-002  +3.9480e+001  +3.6996e+000  +9.2925e-001  
-2.4000e+000  +1.9000e+000  +0.0000e+000  +1.0411e+001  +7.9478e+000  +1.0771e+001  +2.6161e-002  +6.1610e-002  +3.9876e-002  +3.1584e+001  +3.0336e+000  +9.5776e-001  
-2.4000e+000  +2.0000e+000  +0.0000e+000  +1.0273e+001  +7.3619e+000  +1.1314e+001  +1.9569e-002  +3.8190e-002  +2.7135e-002  +2.7099e+001  +2.6378e+000  +9.7213e-001  
-2.4000e+000  +2.1000e+000  +0.0000e+000  +1.0193e+001  +7.0579e+000  +1.2022e+001  +1.5085e-002  +2.6403e-002  +1.9801e-002  +2.4907e+001  +2.4435e+000  +9.8024e-001  
-2.4000e+000  +2.2000e+000  +0.0000e+000  +1.0141e+001  +6.9556e+000  +1.2898e+001  +1.2005e-002  +1.9725e-002  +1.5274e-002  +2.4190e+001  +2.3854e+000  +9.8542e-001  
-2.4000e+000  +2.3000e+000  +0.0000e+000  +1.0104e+001  +6.9995e+000  +1.3954e+001  +9.8178e-003  +1.5568e-002  +1.2286e-002  +2.4496e+001  +2.4244e+000  +9.8901e-001  
-2.4000e+000  +2.4000e+000  +0.0000e+000  +1.0076e+001  +7.1562e+000  +1.5210e+001  +8.2081e-003  +1.2790e-002  +1.0202e-002  +2.5606e+001  +2.5414e+000  +9.9174e-001  
-2.4000e+000  +2.5000e+000  +0.0000e+000  +1.0051e+001  +7.4053e+000  +1.6695e+001  +6.9816e-003  +1.0828e-002  +8.6787e-003  +2.7419e+001  +2.7281e+000  +9.9403e-001  
-2.3000e+000  +5.0000e-001  +0.0000e+000  +3.7240e+001  +3.8492e+000  +1.0049e+001  +7.3402e-002  +1.0459e+000  +7.3147e-001  +7.4081e+000  +1.9893e-001  +8.6001e-002  
-2.3000e+000  +6.0000e-001  +0.0000e+000  +3.3206e+001  +4.2800e+000  +1.0049e+001  +7.0857e-002  +1.0464e+000  +6.9885e-001  +9.1594e+000  +2.7584e-001  +9.9145e-002  
-2.3000e+000  +7.0000e-001  +0.0000e+000  +2.9607e+001  +4.7638e+000  +1.0049e+001  +6.8660e-002  +1.0469e+000  +6.6224e-001  +1.1347e+001  +3.8325e-001  +1.1547e-001  
-2.3000e+000  +8.0000e-001  +0.0000e+000  +2.6398e+001  +5.3070e+000  +1.0049e+001  +6.6759e-002  +1.0473e+000  +6.2118e-001  +1.4082e+001  +5.3346e-001  +1.3611e-001  
-2.3000e+000  +9.0000e-001  +0.0000e+000  +2.3535e+001  +5.9167e+000  +1.0049e+001  +6.5109e-002  +1.0477e+000  +5.7510e-001  +1.7503e+001  +7.4373e-001  +1.6281e-001  
-2.3000e+000  +1.0000e+000  +0.0000e+000  +2.0982e+001  +6.6009e+000  +1.0049e+001  +6.3672e-002  +1.0480e+000  +5.2340e-001  +2.1786e+001  +1.0383e+000  +1.9838e-001  
-2.3000e+000  +1.1000e+000  +0.0000e+000  +1.8706e+001  +7.3675e+000  +1.0049e+001  +6.2415e-002  +1.0471e+000  +4.6541e-001  +2.7140e+001  +1.4509e+000  +2.4763e-001  
-2.3000e+000  +1.2000e+000  +0.0000e+000  +1.6680e+001  +8.2173e+000  +1.0050e+001  +6.1287e-002  +1.0389e+000  +4.0048e-001  +3.3762e+001  +2.0241e+000  +3.1889e-001  
-2.3000e+000  +1.3000e+000  +0.0000e+000  +1.4891e+001  +9.1073e+000  +1.0052e+001  +6.0134e-002  +9.9473e-001  +3.2845e-001  +4.1471e+001  +2.7850e+000  +4.2497e-001  
-2.3000e+000  +1.4000e+000  +0.0000e+000  +1.3357e+001  +9.8346e+000  +1.0063e+001  +5.8410e-002  +8.3799e-001  +2.5131e-001  +4.8360e+001  +3.6206e+000  +5.7356e-001  
-2.3000e+000  +1.5000e+000  +0.0000e+000  +1.2138e+001  +9.9708e+000  +1.0099e+001  +5.4751e-002  +5.4242e-001  +1.7616e-001  +4.9708e+001  +4.0954e+000  +7.3518e-001  
-2.3000e+000  +1.6000e+000  +0.0000e+000  +1.1286e+001  +9.3527e+000  +1.0201e+001  +4.7672e-002  +2.7742e-001  +1.1404e-001  +4.3737e+001  +3.8752e+000  +8.5359e-001  
-2.3000e+000  +1.7000e+000  +0.0000e+000  +1.0772e+001  +8.4316e+000  +1.0422e+001  +3.8162e-002  +1.3762e-001  +7.1744e-002  +3.5546e+001  +3.3000e+000  +9.1776e-001  
-2.3000e+000  +1.8000e+000  +0.0000e+000  +1.0488e+001  +7.6629e+000  +1.0802e+001  +2.9226e-002  +7.6153e-002  +4.6726e-002  +2.9360e+001  +2.7995e+000  +9.4954e-001  
-2.3000e+000  +1.9000e+000  +0.0000e+000  +1.0331e+001  +7.1710e+000  +1.1351e+001  +2.2398e-002  +4.7912e-002  +3.2432e-002  +2.5712e+001  +2.4888e+000  +9.6608e-001  
-2.3000e+000  +2.0000e+000  +0.0000e+000  +1.0239e+001  +6.9174e+000  +1.2068e+001  +1.7541e-002  +3.3383e-002  +2.3954e-002  +2.3925e+001  +2.3368e+000  +9.7553e-001  
-2.3000e+000  +2.1000e+000  +0.0000e+000  +1.0178e+001  +6.8437e+000  +1.2958e+001  +1.4100e-002  +2.5058e-002  +1.8619e-002  +2.3418e+001  +2.3008e+000  +9.8154e-001  
-2.3000e+000  +2.2000e+000  +0.0000e+000  +1.0140e+001  +6.9029e+000  +1.4039e+001  +1.1596e-002  +1.9832e-002  +1.5045e-002  +2.3825e+001  +2.3497e+000  +9.8544e-001  
-2.3000e+000  +2.3000e+000  +0.0000e+000  +1.0108e+001  +7.0699e+000  +1.5326e+001  +9.7277e-003  +1.6337e-002  +1.2536e-002  +2.4992e+001  +2.4724e+000  +9.8846e-001  
-2.3000e+000  +2.4000e+000  +0.0000e+000  +1.0082e+001  +7.3250e+000  +1.6854e+001  +8.2855e-003  +1.3865e-002  +1.0690e-002  +2.6828e+001  +2.6609e+000  +9.9092e-001  
-2.3000e+000  +2.5000e+000  +0.0000e+000  +1.0057e+001  +7.6569e+000  +1.8664e+001  +7.1394e-003  +1.2041e-002  +9.2806e-003  +2.9314e+001  +2.9147e+000  +9.9316e-001  
-2.2000e+000  +5.0000e-001  +0.0000e+000  +3.3639e+001  +3.8446e+000  +1.0062e+001  +7.3344e-002  +1.0572e+000  +7.0273e-001  +7.3905e+000  +2.1970e-001  +9.8865e-002  
-2.2000e+000  +6.0000e-001  +0.0000e+000  +2.9996e+001  +4.2753e+000  +1.0062e+001  +7.0802e-002  +1.0579e+000  +6.6662e-001  +9.1389e+000  +3.0467e-001  +1.1480e-001  
-2.2000e+000  +7.0000e-001  +0.0000e+000  +2.6746e+001  +4.7589e+000  +1.0062e+001  +6.8610e-002  +1.0586e+000  +6.2612e-001  +1.1323e+001  +4.2336e-001  +1.3491e-001  
-2.2000e+000  +8.0000e-001  +0.0000e+000  +2.3847e+001  +5.3018e+000  +1.0062e+001  +6.6712e-002  +1.0592e+000  +5.8067e-001  +1.4055e+001  +5.8935e-001  +1.6086e-001  
-2.2000e+000  +9.0000e-001  +0.0000e+000  +2.1262e+001  +5.9113e+000  +1.0062e+001  +6.5065e-002  +1.0597e+000  +5.2968e-001  +1.7472e+001  +8.2173e-001  +1.9531e-001  
-2.2000e+000  +1.0000e+000  +0.0000e+000  +1.8957e+001  +6.5944e+000  +1.0062e+001  +6.3630e-002  +1.0592e+000  +4.7248e-001  +2.1743e+001  +1.1470e+000  +2.4276e-001  
-2.2000e+000  +1.1000e+000  +0.0000e+000  +1.6904e+001  +7.3534e+000  +1.0062e+001  +6.2354e-002  +1.0523e+000  +4.0843e-001  +2.7036e+001  +1.5994e+000  +3.1105e-001  
-2.2000e+000  +1.2000e+000  +0.0000e+000  +1.5091e+001  +8.1572e+000  +1.0065e+001  +6.1103e-002  +1.0137e+000  +3.3733e-001  +3.3270e+001  +2.2047e+000  +4.1238e-001  
-2.2000e+000  +1.3000e+000  +0.0000e+000  +1.3534e+001  +8.8488e+000  +1.0076e+001  +5.9408e-002  +8.7122e-001  +2.6112e-001  +3.9151e+001  +2.8928e+000  +5.5523e-001  
-2.2000e+000  +1.4000e+000  +0.0000e+000  +1.2295e+001  +9.0767e+000  +1.0116e+001  +5.6075e-002  +5.8828e-001  +1.8668e-001  +4.1193e+001  +3.3504e+000  +7.1450e-001  
-2.2000e+000  +1.5000e+000  +0.0000e+000  +1.1423e+001  +8.6747e+000  +1.0224e+001  +4.9737e-002  +3.1780e-001  +1.2462e-001  +3.7625e+001  +3.2938e+000  +8.3585e-001  
-2.2000e+000  +1.6000e+000  +0.0000e+000  +1.0883e+001  +7.9798e+000  +1.0452e+001  +4.1012e-002  +1.6521e-001  +8.1241e-002  +3.1838e+001  +2.9256e+000  +9.0456e-001  
-2.2000e+000  +1.7000e+000  +0.0000e+000  +1.0574e+001  +7.3668e+000  +1.0838e+001  +3.2371e-002  +9.4077e-002  +5.4473e-002  +2.7135e+001  +2.5662e+000  +9.3996e-001  
-2.2000e+000  +1.8000e+000  +0.0000e+000  +1.0397e+001  +6.9656e+000  +1.1394e+001  +2.5395e-002  +6.0124e-002  +3.8564e-002  +2.4260e+001  +2.3332e+000  +9.5891e-001  
-2.2000e+000  +1.9000e+000  +0.0000e+000  +1.0291e+001  +6.7636e+000  +1.2123e+001  +2.0209e-002  +4.2265e-002  +2.8848e-002  +2.2873e+001  +2.2226e+000  +9.6993e-001  
-2.2000e+000  +2.0000e+000  +0.0000e+000  +1.0224e+001  +6.7188e+000  +1.3032e+001  +1.6407e-002  +3.1888e-002  +2.2601e-002  +2.2571e+001  +2.2077e+000  +9.7683e-001  
-2.2000e+000  +2.1000e+000  +0.0000e+000  +1.0176e+001  +6.7981e+000  +1.4134e+001  +1.3586e-002  +2.5356e-002  +1.8376e-002  +2.3107e+001  +2.2709e+000  +9.8163e-001  
-2.2000e+000  +2.2000e+000  +0.0000e+000  +1.0143e+001  +6.9749e+000  +1.5459e+001  +1.1431e-002  +2.0948e-002  +1.5364e-002  +2.4325e+001  +2.3982e+000  +9.8490e-001  
-2.2000e+000  +2.3000e+000  +0.0000e+000  +1.0114e+001  +7.2367e+000  +1.7036e+001  +9.7490e-003  +1.7835e-002  +1.3138e-002  +2.6185e+001  +2.5891e+000  +9.8767e-001  
-2.2000e+000  +2.4000e+000  +0.0000e+000  +1.0093e+001  +7.5698e+000  +1.8924e+001  +8.3901e-003  +1.5527e-002  +1.1419e-002  +2.8651e+001  +2.8388e+000  +9.8966e-001  
-2.2000e+000  +2.5000e+000  +0.0000e+000  +1.0066e+001  +7.9712e+000  +2.1168e+001  +7.2742e-003  +1.3775e-002  +1.0062e-002  +3.1770e+001  +3.1561e+000  +9.9191e-001  
-2.1000e+000  +5.0000e-001  +0.0000e+000  +3.0437e+001  +3.8386e+000  +1.0077e+001  +7.3272e-002  +1.0713e+000  +6.7145e-001  +7.3675e+000  +2.4206e-001  +1.1400e-001  
-2.1000e+000  +6.0000e-001  +0.0000e+000  +2.7141e+001  +4.2690e+000  +1.0077e+001  +7.0735e-002  +1.0723e+000  +6.3156e-001  +9.1122e+000  +3.3573e-001  +1.3353e-001  
-2.1000e+000  +7.0000e-001  +0.0000e+000  +2.4202e+001  +4.7523e+000  +1.0077e+001  +6.8546e-002  +1.0733e+000  +5.8680e-001  +1.1292e+001  +4.6659e-001  +1.5865e-001  
-2.1000e+000  +8.0000e-001  +0.0000e+000  +2.1579e+001  +5.2950e+000  +1.0077e+001  +6.6653e-002  +1.0740e+000  +5.3659e-001  +1.4018e+001  +6.4963e-001  +1.9188e-001  
-2.1000e+000  +9.0000e-001  +0.0000e+000  +1.9240e+001  +5.9036e+000  +1.0077e+001  +6.5009e-002  +1.0740e+000  +4.8026e-001  +1.7426e+001  +9.0570e-001  +2.3741e-001  
-2.1000e+000  +1.0000e+000  +0.0000e+000  +1.7158e+001  +6.5811e+000  +1.0078e+001  +6.3560e-002  +1.0685e+000  +4.1717e-001  +2.1656e+001  +1.2621e+000  +3.0255e-001  
-2.1000e+000  +1.1000e+000  +0.0000e+000  +1.5316e+001  +7.3064e+000  +1.0080e+001  +6.2189e-002  +1.0353e+000  +3.4711e-001  +2.6692e+001  +1.7427e+000  +3.9881e-001  
-2.1000e+000  +1.2000e+000  +0.0000e+000  +1.3733e+001  +7.9602e+000  +1.0093e+001  +6.0494e-002  +9.0761e-001  +2.7186e-001  +3.1682e+001  +2.3069e+000  +5.3542e-001  
-2.1000e+000  +1.3000e+000  +0.0000e+000  +1.2470e+001  +8.2576e+000  +1.0136e+001  +5.7442e-002  +6.3905e-001  +1.9810e-001  +3.4094e+001  +2.7340e+000  +6.9170e-001  
-2.1000e+000  +1.4000e+000  +0.0000e+000  +1.1574e+001  +8.0330e+000  +1.0250e+001  +5.1775e-002  +3.6405e-001  +1.3603e-001  +3.2264e+001  +2.7876e+000  +8.1585e-001  
-2.1000e+000  +1.5000e+000  +0.0000e+000  +1.1007e+001  +7.5310e+000  +1.0486e+001  +4.3811e-002  +1.9802e-001  +9.1608e-002  +2.8358e+001  +2.5763e+000  +8.8934e-001  
-2.1000e+000  +1.6000e+000  +0.0000e+000  +1.0673e+001  +7.0593e+000  +1.0880e+001  +3.5541e-002  +1.1610e-001  +6.3148e-002  +2.4917e+001  +2.3347e+000  +9.2868e-001  
-2.1000e+000  +1.7000e+000  +0.0000e+000  +1.0475e+001  +6.7453e+000  +1.1446e+001  +2.8510e-002  +7.5461e-002  +4.5596e-002  +2.2749e+001  +2.1717e+000  +9.5033e-001  
-2.1000e+000  +1.8000e+000  +0.0000e+000  +1.0354e+001  +6.5950e+000  +1.2189e+001  +2.3048e-002  +5.3577e-002  +3.4563e-002  +2.1747e+001  +2.1004e+000  +9.6313e-001  
-2.1000e+000  +1.9000e+000  +0.0000e+000  +1.0276e+001  +6.5817e+000  +1.3118e+001  +1.8908e-002  +4.0691e-002  +2.7322e-002  +2.1659e+001  +2.1079e+000  +9.7125e-001  
-2.1000e+000  +2.0000e+000  +0.0000e+000  +1.0220e+001  +6.6804e+000  +1.4250e+001  +1.5757e-002  +3.2514e-002  +2.2351e-002  +2.2314e+001  +2.1834e+000  +9.7686e-001  
-2.1000e+000  +2.1000e+000  +0.0000e+000  +1.0181e+001  +6.8696e+000  +1.5616e+001  +1.3303e-002  +2.6977e-002  +1.8770e-002  +2.3596e+001  +2.3176e+000  +9.8077e-001  
-2.1000e+000  +2.2000e+000  +0.0000e+000  +1.0147e+001  +7.1387e+000  +1.7250e+001  +1.1356e-002  +2.3060e-002  +1.6102e-002  +2.5481e+001  +2.5111e+000  +9.8398e-001  
-2.1000e+000  +2.3000e+000  +0.0000e+000  +1.0122e+001  +7.4760e+000  +1.9216e+001  +9.7640e-003  +2.0160e-002  +1.4028e-002  +2.7945e+001  +2.7607e+000  +9.8636e-001  
-2.1000e+000  +2.4000e+000  +0.0000e+000  +1.0100e+001  +7.8764e+000  +2.1581e+001  +8.4361e-003  +1.7953e-002  +1.2370e-002  +3.1019e+001  +3.0713e+000  +9.8841e-001  
-2.1000e+000  +2.5000e+000  +0.0000e+000  +1.0076e+001  +8.3353e+000  +2.4437e+001  +7.3054e-003  +1.6232e-002  +1.1008e-002  +3.4739e+001  +3.4476e+000  +9.9036e-001  
-2.0000e+000  +5.0000e-001  +0.0000e+000  +2.7590e+001  +3.8308e+000  +1.0096e+001  +7.3183e-002  +1.0887e+000  +6.3755e-001  +7.3375e+000  +2.6595e-001  +1.3191e-001  
-2.0000e+000  +6.0000e-001  +0.0000e+000  +2.4604e+001  +4.2608e+000  +1.0096e+001  +7.0650e-002  +1.0902e+000  +5.9356e-001  +9.0771e+000  +3.6893e-001  +1.5613e-001  
-2.0000e+000  +7.0000e-001  +0.0000e+000  +2.1939e+001  +4.7437e+000  +1.0096e+001  +6.8467e-002  +1.0914e+000  +5.4419e-001  +1.1251e+001  +5.1284e-001  +1.8803e-001  
-2.0000e+000  +8.0000e-001  +0.0000e+000  +1.9563e+001  +5.2856e+000  +1.0096e+001  +6.6578e-002  +1.0920e+000  +4.8882e-001  +1.3969e+001  +7.1405e-001  +2.3151e-001  
-2.0000e+000  +9.0000e-001  +0.0000e+000  +1.7446e+001  +5.8901e+000  +1.0097e+001  +6.4927e-002  +1.0880e+000  +4.2679e-001  +1.7347e+001  +9.9434e-001  +2.9330e-001  
-2.0000e+000  +1.0000e+000  +0.0000e+000  +1.5572e+001  +6.5436e+000  +1.0100e+001  +6.3405e-002  +1.0602e+000  +3.5784e-001  +2.1409e+001  +1.3748e+000  +3.8420e-001  
-2.0000e+000  +1.1000e+000  +0.0000e+000  +1.3959e+001  +7.1579e+000  +1.0113e+001  +6.1677e-002  +9.4756e-001  +2.8361e-001  +2.5618e+001  +1.8352e+000  +5.1400e-001  
-2.0000e+000  +1.2000e+000  +0.0000e+000  +1.2666e+001  +7.5054e+000  +1.0159e+001  +5.8854e-002  +6.9516e-001  +2.1048e-001  +2.8165e+001  +2.2237e+000  +6.6660e-001  
-2.0000e+000  +1.3000e+000  +0.0000e+000  +1.1742e+001  +7.4254e+000  +1.0281e+001  +5.3783e-002  +4.1710e-001  +1.4834e-001  +2.7568e+001  +2.3479e+000  +7.9325e-001  
-2.0000e+000  +1.4000e+000  +0.0000e+000  +1.1146e+001  +7.0874e+000  +1.0525e+001  +4.6536e-002  +2.3710e-001  +1.0290e-001  +2.5115e+001  +2.2533e+000  +8.7173e-001  
-2.0000e+000  +1.5000e+000  +0.0000e+000  +1.0784e+001  +6.7431e+000  +1.0929e+001  +3.8695e-002  +1.4324e-001  +7.2829e-002  +2.2735e+001  +2.1081e+000  +9.1536e-001  
-2.0000e+000  +1.6000e+000  +0.0000e+000  +1.0565e+001  +6.5118e+000  +1.1507e+001  +3.1693e-002  +9.4791e-002  +5.3624e-002  +2.1202e+001  +2.0068e+000  +9.4005e-001  
-2.0000e+000  +1.7000e+000  +0.0000e+000  +1.0427e+001  +6.4129e+000  +1.2267e+001  +2.6014e-002  +6.8061e-002  +4.1206e-002  +2.0562e+001  +1.9721e+000  +9.5492e-001  
-2.0000e+000  +1.8000e+000  +0.0000e+000  +1.0336e+001  +6.4316e+000  +1.3221e+001  +2.1560e-002  +5.2090e-002  +3.2883e-002  +2.0683e+001  +2.0011e+000  +9.6447e-001  
-2.0000e+000  +1.9000e+000  +0.0000e+000  +1.0273e+001  +6.5496e+000  +1.4391e+001  +1.8072e-002  +4.1856e-002  +2.7070e-002  +2.1448e+001  +2.0878e+000  +9.7097e-001  
-2.0000e+000  +2.0000e+000  +0.0000e+000  +1.0225e+001  +6.7528e+000  +1.5804e+001  +1.5309e-002  +3.4924e-002  +2.2852e-002  +2.2800e+001  +2.2299e+000  +9.7578e-001  
-2.0000e+000  +2.1000e+000  +0.0000e+000  +1.0189e+001  +7.0285e+000  +1.7512e+001  +1.3068e-002  +2.9990e-002  +1.9662e-002  +2.4700e+001  +2.4241e+000  +9.7931e-001  
-2.0000e+000  +2.2000e+000  +0.0000e+000  +1.0160e+001  +7.3700e+000  +1.9573e+001  +1.1217e-002  +2.6357e-002  +1.7173e-002  +2.7158e+001  +2.6730e+000  +9.8212e-001  
-2.0000e+000  +2.3000e+000  +0.0000e+000  +1.0134e+001  +7.7716e+000  +2.2069e+001  +9.6557e-003  +2.3609e-002  +1.5171e-002  +3.0199e+001  +2.9801e+000  +9.8451e-001  
-2.0000e+000  +2.4000e+000  +0.0000e+000  +1.0113e+001  +8.2274e+000  +2.5122e+001  +8.3087e-003  +2.1476e-002  +1.3508e-002  +3.3845e+001  +3.3467e+000  +9.8634e-001  
-2.0000e+000  +2.5000e+000  +0.0000e+000  +1.0084e+001  +8.7366e+000  +2.8827e+001  +7.1407e-003  +1.9812e-002  +1.2107e-002  +3.8164e+001  +3.7845e+000  +9.8848e-001  
-1.9000e+000  +5.0000e-001  +0.0000e+000  +2.5061e+001  +3.8205e+000  +1.0120e+001  +7.3074e-002  +1.1104e+000  +6.0097e-001  +7.2980e+000  +2.9121e-001  +1.5323e-001  
-1.9000e+000  +6.0000e-001  +0.0000e+000  +2.2349e+001  +4.2499e+000  +1.0120e+001  +7.0547e-002  +1.1124e+000  +5.5255e-001  +9.0308e+000  +4.0409e-001  +1.8370e-001  
-1.9000e+000  +7.0000e-001  +0.0000e+000  +1.9929e+001  +4.7320e+000  +1.0120e+001  +6.8369e-002  +1.1137e+000  +4.9822e-001  +1.1196e+001  +5.6180e-001  +2.2499e-001  
-1.9000e+000  +8.0000e-001  +0.0000e+000  +1.7773e+001  +5.2710e+000  +1.0120e+001  +6.6477e-002  +1.1113e+000  +4.3735e-001  +1.3892e+001  +7.8161e-001  +2.8324e-001  
-1.9000e+000  +9.0000e-001  +0.0000e+000  +1.5864e+001  +5.8587e+000  +1.0123e+001  +6.4772e-002  +1.0889e+000  +3.6962e-001  +1.7162e+001  +1.0819e+000  +3.6848e-001  
-1.9000e+000  +1.0000e+000  +0.0000e+000  +1.4214e+001  +6.4322e+000  +1.0137e+001  +6.2972e-002  +9.9151e-001  +2.9648e-001  +2.0687e+001  +1.4554e+000  +4.9089e-001  
-1.9000e+000  +1.1000e+000  +0.0000e+000  +1.2886e+001  +6.8134e+000  +1.0187e+001  +6.0319e-002  +7.5735e-001  +2.2395e-001  +2.3211e+001  +1.8013e+000  +6.3891e-001  
-1.9000e+000  +1.2000e+000  +0.0000e+000  +1.1928e+001  +6.8497e+000  +1.0315e+001  +5.5758e-002  +4.7805e-001  +1.6166e-001  +2.3459e+001  +1.9667e+000  +7.6761e-001  
-1.9000e+000  +1.3000e+000  +0.0000e+000  +1.1302e+001  +6.6507e+000  +1.0570e+001  +4.9174e-002  +2.8381e-001  +1.1522e-001  +2.2116e+001  +1.9569e+000  +8.5124e-001  
-1.9000e+000  +1.4000e+000  +0.0000e+000  +1.0911e+001  +6.4198e+000  +1.0985e+001  +4.1785e-002  +1.7673e-001  +8.3584e-002  +2.0607e+001  +1.8886e+000  +8.9954e-001  
-1.9000e+000  +1.5000e+000  +0.0000e+000  +1.0668e+001  +6.2658e+000  +1.1578e+001  +3.4880e-002  +1.1923e-001  +6.2730e-002  +1.9630e+001  +1.8402e+000  +9.2764e-001  
-1.9000e+000  +1.6000e+000  +0.0000e+000  +1.0511e+001  +6.2170e+000  +1.2360e+001  +2.9043e-002  +8.6689e-002  +4.8876e-002  +1.9325e+001  +1.8386e+000  +9.4490e-001  
-1.9000e+000  +1.7000e+000  +0.0000e+000  +1.0406e+001  +6.2680e+000  +1.3344e+001  +2.4303e-002  +6.6945e-002  +3.9392e-002  +1.9644e+001  +1.8877e+000  +9.5613e-001  
-1.9000e+000  +1.8000e+000  +0.0000e+000  +1.0333e+001  +6.4069e+000  +1.4556e+001  +2.0487e-002  +5.4181e-002  +3.2662e-002  +2.0524e+001  +1.9863e+000  +9.6386e-001  
-1.9000e+000  +1.9000e+000  +0.0000e+000  +1.0278e+001  +6.6226e+000  +1.6032e+001  +1.7392e-002  +4.5486e-002  +2.7706e-002  +2.1929e+001  +2.1335e+000  +9.6942e-001  
-1.9000e+000  +2.0000e+000  +0.0000e+000  +1.0237e+001  +6.9066e+000  +1.7824e+001  +1.4842e-002  +3.9311e-002  +2.3930e-002  +2.3850e+001  +2.3299e+000  +9.7363e-001  
-1.9000e+000  +2.1000e+000  +0.0000e+000  +1.0202e+001  +7.2524e+000  +2.0001e+001  +1.2705e-002  +3.4786e-002  +2.0960e-002  +2.6299e+001  +2.5779e+000  +9.7696e-001  
-1.9000e+000  +2.2000e+000  +0.0000e+000  +1.0175e+001  +7.6542e+000  +2.2665e+001  +1.0876e-002  +3.1384e-002  +1.8545e-002  +2.9293e+001  +2.8790e+000  +9.7951e-001  
-1.9000e+000  +2.3000e+000  +0.0000e+000  +1.0145e+001  +8.1097e+000  +2.5916e+001  +9.2990e-003  +2.8807e-002  +1.6544e-002  +3.2883e+001  +3.2414e+000  +9.8196e-001  
-1.9000e+000  +2.4000e+000  +0.0000e+000  +1.0118e+001  +8.6133e+000  +2.9927e+001  +7.9135e-003  +2.6831e-002  +1.4833e-002  +3.7094e+001  +3.6662e+000  +9.8398e-001  
-1.9000e+000  +2.5000e+000  +0.0000e+000  +1.0094e+001  +9.1615e+000  +3.4901e+001  +6.6882e-003  +2.5323e-002  +1.3339e-002  +4.1966e+001  +4.1574e+000  +9.8560e-001  
-1.8000e+000  +5.0000e-001  +0.0000e+000  +2.2816e+001  +3.8068e+000  +1.0148e+001  +7.2941e-002  +1.1373e+000  +5.6172e-001  +7.2460e+000  +3.1758e-001  +1.7879e-001  
-1.8000e+000  +6.0000e-001  +0.0000e+000  +2.0347e+001  +4.2353e+000  +1.0148e+001  +7.0419e-002  +1.1396e+000  +5.0853e-001  +8.9690e+000  +4.4080e-001  +2.1773e-001  
-1.8000e+000  +7.0000e-001  +0.0000e+000  +1.8146e+001  +4.7152e+000  +1.0149e+001  +6.8242e-002  +1.1389e+000  +4.4893e-001  +1.1117e+001  +6.1260e-001  +2.7227e-001  
-1.8000e+000  +8.0000e-001  +0.0000e+000  +1.6195e+001  +5.2426e+000  +1.0152e+001  +6.6313e-002  +1.1219e+000  +3.8253e-001  +1.3743e+001  +8.4856e-001  +3.5157e-001  
-1.8000e+000  +9.0000e-001  +0.0000e+000  +1.4504e+001  +5.7746e+000  +1.0166e+001  +6.4394e-002  +1.0399e+000  +3.1056e-001  +1.6673e+001  +1.1495e+000  +4.6597e-001  
-1.8000e+000  +1.0000e+000  +0.0000e+000  +1.3134e+001  +6.1749e+000  +1.0218e+001  +6.1845e-002  +8.2618e-001  +2.3860e-001  +1.9064e+001  +1.4516e+000  +6.0836e-001  
-1.8000e+000  +1.1000e+000  +0.0000e+000  +1.2137e+001  +6.3034e+000  +1.0353e+001  +5.7704e-002  +5.4817e-001  +1.7608e-001  +1.9866e+001  +1.6369e+000  +7.3842e-001  
-1.8000e+000  +1.2000e+000  +0.0000e+000  +1.1476e+001  +6.2217e+000  +1.0619e+001  +5.1709e-002  +3.3979e-001  +1.2864e-001  +1.9355e+001  +1.6866e+000  +8.2723e-001  
-1.8000e+000  +1.3000e+000  +0.0000e+000  +1.1055e+001  +6.0901e+000  +1.1050e+001  +4.4762e-002  +2.1814e-001  +9.5477e-002  +1.8545e+001  +1.6775e+000  +8.8058e-001  
-1.8000e+000  +1.4000e+000  +0.0000e+000  +1.0786e+001  +6.0077e+000  +1.1662e+001  +3.8001e-002  +1.5021e-001  +7.2993e-002  +1.8046e+001  +1.6730e+000  +9.1249e-001  
-1.8000e+000  +1.5000e+000  +0.0000e+000  +1.0610e+001  +6.0069e+000  +1.2470e+001  +3.2052e-002  +1.1076e-001  +5.7666e-002  +1.8042e+001  +1.7004e+000  +9.3246e-001  
-1.8000e+000  +1.6000e+000  +0.0000e+000  +1.0490e+001  +6.0898e+000  +1.3493e+001  +2.7055e-002  +8.6433e-002  +4.6955e-002  +1.8543e+001  +1.7677e+000  +9.4564e-001  
-1.8000e+000  +1.7000e+000  +0.0000e+000  +1.0405e+001  +6.2498e+000  +1.4757e+001  +2.2918e-002  +7.0566e-002  +3.9227e-002  +1.9530e+001  +1.8771e+000  +9.5477e-001  
-1.8000e+000  +1.8000e+000  +0.0000e+000  +1.0341e+001  +6.4793e+000  +1.6306e+001  +1.9485e-002  +5.9720e-002  +3.3463e-002  +2.0990e+001  +2.0298e+000  +9.6139e-001  
-1.8000e+000  +1.9000e+000  +0.0000e+000  +1.0291e+001  +6.7717e+000  +1.8199e+001  +1.6605e-002  +5.2036e-002  +2.9023e-002  +2.2928e+001  +2.2279e+000  +9.6639e-001  
-1.8000e+000  +2.0000e+000  +0.0000e+000  +1.0253e+001  +7.1213e+000  +2.0522e+001  +1.4152e-002  +4.6441e-002  +2.5491e-002  +2.5356e+001  +2.4731e+000  +9.7017e-001  
-1.8000e+000  +2.1000e+000  +0.0000e+000  +1.0216e+001  +7.5250e+000  +2.3366e+001  +1.2042e-002  +4.2328e-002  +2.2615e-002  +2.8313e+001  +2.7713e+000  +9.7338e-001  
-1.8000e+000  +2.2000e+000  +0.0000e+000  +1.0190e+001  +7.9770e+000  +2.6901e+001  +1.0193e-002  +3.9277e-002  +2.0191e-002  +3.1816e+001  +3.1224e+000  +9.7573e-001  
-1.8000e+000  +2.3000e+000  +0.0000e+000  +1.0159e+001  +8.4763e+000  +3.1257e+001  +8.5789e-003  +3.7067e-002  +1.8123e-002  +3.5924e+001  +3.5363e+000  +9.7795e-001  
-1.8000e+000  +2.4000e+000  +0.0000e+000  +1.0130e+001  +9.0186e+000  +3.6669e+001  +7.1593e-003  +3.5517e-002  +1.6313e-002  +4.0667e+001  +4.0146e+000  +9.7973e-001  
-1.8000e+000  +2.5000e+000  +0.0000e+000  +1.0097e+001  +9.6028e+000  +4.3336e+001  +5.9247e-003  +3.4516e-002  +1.4715e-002  +4.6107e+001  +4.5666e+000  +9.8139e-001  
-1.7000e+000  +5.0000e-001  +0.0000e+000  +2.0826e+001  +3.7887e+000  +1.0184e+001  +7.2781e-002  +1.1702e+000  +5.1983e-001  +7.1770e+000  +3.4462e-001  +2.0964e-001  
-1.7000e+000  +6.0000e-001  +0.0000e+000  +1.8574e+001  +4.2152e+000  +1.0184e+001  +7.0261e-002  +1.1716e+000  +4.6161e-001  +8.8839e+000  +4.7830e-001  +2.6027e-001  
-1.7000e+000  +7.0000e-001  +0.0000e+000  +1.6575e+001  +4.6872e+000  +1.0187e+001  +6.8058e-002  +1.1598e+000  +3.9667e-001  +1.0985e+001  +6.6275e-001  +3.3336e-001  
-1.7000e+000  +8.0000e-001  +0.0000e+000  +1.4836e+001  +5.1770e+000  +1.0201e+001  +6.5968e-002  +1.0932e+000  +3.2598e-001  +1.3400e+001  +9.0322e-001  +4.3915e-001  
-1.7000e+000  +9.0000e-001  +0.0000e+000  +1.3415e+001  +5.5841e+000  +1.0255e+001  +6.3449e-002  +9.0230e-001  +2.5459e-001  +1.5591e+001  +1.1622e+000  +5.7467e-001  
-1.7000e+000  +1.0000e+000  +0.0000e+000  +1.2372e+001  +5.7836e+000  +1.0397e+001  +5.9627e-002  +6.2892e-001  +1.9174e-001  +1.6725e+001  +1.3519e+000  +7.0506e-001  
-1.7000e+000  +1.1000e+000  +0.0000e+000  +1.1672e+001  +5.7993e+000  +1.0676e+001  +5.4125e-002  +4.0684e-001  +1.4325e-001  +1.6816e+001  +1.4408e+000  +7.9893e-001  
-1.7000e+000  +1.2000e+000  +0.0000e+000  +1.1218e+001  +5.7552e+000  +1.1124e+001  +4.7589e-002  +2.6956e-001  +1.0861e-001  +1.6561e+001  +1.4763e+000  +8.5765e-001  
-1.7000e+000  +1.3000e+000  +0.0000e+000  +1.0922e+001  +5.7386e+000  +1.1760e+001  +4.0991e-002  +1.8976e-001  +8.4532e-002  +1.6466e+001  +1.5076e+000  +8.9383e-001  
-1.7000e+000  +1.4000e+000  +0.0000e+000  +1.0725e+001  +5.7832e+000  +1.2601e+001  +3.4962e-002  +1.4212e-001  +6.7702e-002  +1.6723e+001  +1.5593e+000  +9.1689e-001  
-1.7000e+000  +1.5000e+000  +0.0000e+000  +1.0588e+001  +5.8973e+000  +1.3669e+001  +2.9729e-002  +1.1227e-001  +5.5707e-002  +1.7389e+001  +1.6424e+000  +9.3232e-001  
-1.7000e+000  +1.6000e+000  +0.0000e+000  +1.0489e+001  +6.0783e+000  +1.4997e+001  +2.5276e-002  +9.2637e-002  +4.6908e-002  +1.8473e+001  +1.7612e+000  +9.4311e-001  
-1.7000e+000  +1.7000e+000  +0.0000e+000  +1.0416e+001  +6.3211e+000  +1.6638e+001  +2.1492e-002  +7.9180e-002  +4.0247e-002  +1.9978e+001  +1.9180e+000  +9.5088e-001  
-1.7000e+000  +1.8000e+000  +0.0000e+000  +1.0358e+001  +6.6220e+000  +1.8654e+001  +1.8263e-002  +6.9714e-002  +3.5065e-002  +2.1925e+001  +2.1168e+000  +9.5675e-001  
-1.7000e+000  +1.9000e+000  +0.0000e+000  +1.0312e+001  +6.9760e+000  +2.1145e+001  +1.5477e-002  +6.2936e-002  +3.0905e-002  +2.4332e+001  +2.3597e+000  +9.6121e-001  
-1.7000e+000  +2.0000e+000  +0.0000e+000  +1.0272e+001  +7.3800e+000  +2.4228e+001  +1.3054e-002  +5.8097e-002  +2.7480e-002  +2.7232e+001  +2.6511e+000  +9.6471e-001  
-1.7000e+000  +2.1000e+000  +0.0000e+000  +1.0235e+001  +7.8308e+000  +2.8052e+001  +1.0938e-002  +5.4728e-002  +2.4593e-002  +3.0661e+001  +2.9956e+000  +9.6753e-001  
-1.7000e+000  +2.2000e+000  +0.0000e+000  +1.0203e+001  +8.3252e+000  +3.2816e+001  +9.0843e-003  +5.2525e-002  +2.2101e-002  +3.4654e+001  +3.3966e+000  +9.6969e-001  
-1.7000e+000  +2.3000e+000  +0.0000e+000  +1.0168e+001  +8.8616e+000  +3.8715e+001  +7.4762e-003  +5.1298e-002  +1.9922e-002  +3.9264e+001  +3.8615e+000  +9.7145e-001  
-1.7000e+000  +2.4000e+000  +0.0000e+000  +1.0128e+001  +9.4389e+000  +4.5960e+001  +6.0996e-003  +5.0895e-002  +1.7997e-002  +4.4547e+001  +4.3982e+000  +9.7289e-001  
-1.7000e+000  +2.5000e+000  +0.0000e+000  +1.0090e+001  +1.0057e+001  +5.4830e+001  +4.9333e-003  +5.1200e-002  +1.6274e-002  +5.0567e+001  +5.0118e+000  +9.7384e-001  
-1.6000e+000  +5.0000e-001  +0.0000e+000  +1.9065e+001  +3.7641e+000  +1.0226e+001  +7.2588e-002  +1.2097e+000  +4.7548e-001  +7.0841e+000  +3.7157e-001  +2.4712e-001  
-1.6000e+000  +6.0000e-001  +0.0000e+000  +1.7011e+001  +4.1850e+000  +1.0229e+001  +7.0050e-002  +1.2032e+000  +4.1214e-001  +8.7572e+000  +5.1480e-001  +3.1375e-001  
-1.6000e+000  +7.0000e-001  +0.0000e+000  +1.5217e+001  +4.6324e+000  +1.0243e+001  +6.7725e-002  +1.1519e+000  +3.4286e-001  +1.0730e+001  +7.0508e-001  +4.1032e-001  
-1.6000e+000  +8.0000e-001  +0.0000e+000  +1.3738e+001  +5.0355e+000  +1.0298e+001  +6.5155e-002  +9.8617e-001  +2.7210e-001  +1.2678e+001  +9.2285e-001  +5.3754e-001  
-1.6000e+000  +9.0000e-001  +0.0000e+000  +1.2639e+001  +5.2873e+000  +1.0445e+001  +6.1542e-002  +7.2175e-001  +2.0879e-001  +1.3978e+001  +1.1059e+000  +6.6685e-001  
-1.6000e+000  +1.0000e+000  +0.0000e+000  +1.1893e+001  +5.3833e+000  +1.0738e+001  +5.6426e-002  +4.8744e-001  +1.5919e-001  +1.4490e+001  +1.2184e+000  +7.6533e-001  
-1.6000e+000  +1.1000e+000  +0.0000e+000  +1.1403e+001  +5.4150e+000  +1.1207e+001  +5.0232e-002  +3.3359e-001  +1.2309e-001  +1.4661e+001  +1.2857e+000  +8.2965e-001  
-1.6000e+000  +1.2000e+000  +0.0000e+000  +1.1078e+001  +5.4575e+000  +1.1872e+001  +4.3780e-002  +2.4044e-001  +9.7436e-002  +1.4892e+001  +1.3443e+000  +8.7049e-001  
-1.6000e+000  +1.3000e+000  +0.0000e+000  +1.0858e+001  +5.5451e+000  +1.2754e+001  +3.7683e-002  +1.8330e-001  +7.9109e-002  +1.5374e+001  +1.4160e+000  +8.9707e-001  
-1.6000e+000  +1.4000e+000  +0.0000e+000  +1.0702e+001  +5.6893e+000  +1.3877e+001  +3.2225e-002  +1.4692e-001  +6.5788e-002  +1.6184e+001  +1.5122e+000  +9.1508e-001  
-1.6000e+000  +1.5000e+000  +0.0000e+000  +1.0589e+001  +5.8905e+000  +1.5285e+001  +2.7452e-002  +1.2278e-001  +5.5845e-002  +1.7349e+001  +1.6383e+000  +9.2771e-001  
-1.6000e+000  +1.6000e+000  +0.0000e+000  +1.0503e+001  +6.1472e+000  +1.7031e+001  +2.3314e-002  +1.0630e-001  +4.8230e-002  +1.8894e+001  +1.7989e+000  +9.3691e-001  
-1.6000e+000  +1.7000e+000  +0.0000e+000  +1.0436e+001  +6.4560e+000  +1.9197e+001  +1.9719e-002  +9.4840e-002  +4.2220e-002  +2.0840e+001  +1.9969e+000  +9.4370e-001  
-1.6000e+000  +1.8000e+000  +0.0000e+000  +1.0381e+001  +6.8140e+000  +2.1887e+001  +1.6586e-002  +8.6895e-002  +3.7355e-002  +2.3215e+001  +2.2363e+000  +9.4881e-001  
-1.6000e+000  +1.9000e+000  +0.0000e+000  +1.0333e+001  +7.2184e+000  +2.5234e+001  +1.3849e-002  +8.1566e-002  +3.3317e-002  +2.6053e+001  +2.5212e+000  +9.5268e-001  
-1.6000e+000  +2.0000e+000  +0.0000e+000  +1.0292e+001  +7.6663e+000  +2.9414e+001  +1.1457e-002  +7.8301e-002  +2.9882e-002  +2.9386e+001  +2.8551e+000  +9.5546e-001  
-1.6000e+000  +2.1000e+000  +0.0000e+000  +1.0253e+001  +8.1558e+000  +3.4609e+001  +9.3850e-003  +7.6764e-002  +2.6913e-002  +3.3259e+001  +3.2439e+000  +9.5745e-001  
-1.6000e+000  +2.2000e+000  +0.0000e+000  +1.0216e+001  +8.6852e+000  +4.1053e+001  +7.6082e-003  +7.6727e-002  +2.4299e-002  +3.7716e+001  +3.6917e+000  +9.5859e-001  
-1.6000e+000  +2.3000e+000  +0.0000e+000  +1.0172e+001  +9.2548e+000  +4.8893e+001  +6.1233e-003  +7.7983e-002  +2.1997e-002  +4.2825e+001  +4.2102e+000  +9.5929e-001  
-1.6000e+000  +2.4000e+000  +0.0000e+000  +1.0128e+001  +9.8641e+000  +5.8404e+001  +4.8940e-003  +8.0386e-002  +1.9936e-002  +4.8651e+001  +4.8037e+000  +9.5928e-001  
-1.6000e+000  +2.5000e+000  +0.0000e+000  +1.0068e+001  +1.0515e+001  +6.9619e+001  +3.9072e-003  +8.3698e-002  +1.8108e-002  +5.5287e+001  +5.4916e+000  +9.5904e-001  
-1.5000e+000  +5.0000e-001  +0.0000e+000  +1.7515e+001  +3.7295e+000  +1.0280e+001  +7.2348e-002  +1.2525e+000  +4.2907e-001  +6.9547e+000  +3.9706e-001  +2.9264e-001  
-1.5000e+000  +6.0000e-001  +0.0000e+000  +1.5658e+001  +4.1346e+000  +1.0293e+001  +6.9714e-002  +1.2160e+000  +3.6136e-001  +8.5473e+000  +5.4586e-001  +3.7944e-001  
-1.5000e+000  +7.0000e-001  +0.0000e+000  +1.4110e+001  +4.5242e+000  +1.0347e+001  +6.7002e-002  +1.0779e+000  +2.9131e-001  +1.0234e+001  +7.2530e-001  +4.9679e-001  
-1.5000e+000  +8.0000e-001  +0.0000e+000  +1.2944e+001  +4.8114e+000  +1.0499e+001  +6.3480e-002  +8.2818e-001  +2.2747e-001  +1.1575e+001  +8.9422e-001  +6.2305e-001  
-1.5000e+000  +9.0000e-001  +0.0000e+000  +1.2145e+001  +4.9718e+000  +1.0805e+001  +5.8622e-002  +5.8424e-001  +1.7665e-001  +1.2359e+001  +1.0176e+000  +7.2525e-001  
-1.5000e+000  +1.0000e+000  +0.0000e+000  +1.1615e+001  +5.0681e+000  +1.1298e+001  +5.2674e-002  +4.1350e-001  +1.3906e-001  +1.2843e+001  +1.1057e+000  +7.9515e-001  
-1.5000e+000  +1.1000e+000  +0.0000e+000  +1.1259e+001  +5.1634e+000  +1.1999e+001  +4.6317e-002  +3.0572e-001  +1.1184e-001  +1.3331e+001  +1.1840e+000  +8.4095e-001  
-1.5000e+000  +1.2000e+000  +0.0000e+000  +1.1012e+001  +5.2909e+000  +1.2929e+001  +4.0135e-002  +2.3786e-001  +9.2029e-002  +1.3997e+001  +1.2710e+000  +8.7141e-001  
-1.5000e+000  +1.3000e+000  +0.0000e+000  +1.0837e+001  +5.4632e+000  +1.4122e+001  +3.4440e-002  +1.9392e-001  +7.7348e-002  +1.4923e+001  +1.3770e+000  +8.9228e-001  
-1.5000e+000  +1.4000e+000  +0.0000e+000  +1.0707e+001  +5.6842e+000  +1.5621e+001  +2.9346e-002  +1.6468e-001  +6.6228e-002  +1.6155e+001  +1.5089e+000  +9.0703e-001  
-1.5000e+000  +1.5000e+000  +0.0000e+000  +1.0608e+001  +5.9536e+000  +1.7496e+001  +2.4840e-002  +1.4485e-001  +5.7575e-002  +1.7722e+001  +1.6707e+000  +9.1763e-001  
-1.5000e+000  +1.6000e+000  +0.0000e+000  +1.0529e+001  +6.2697e+000  +1.9835e+001  +2.0875e-002  +1.3145e-001  +5.0673e-002  +1.9655e+001  +1.8667e+000  +9.2535e-001  
-1.5000e+000  +1.7000e+000  +0.0000e+000  +1.0464e+001  +6.6306e+000  +2.2754e+001  +1.7396e-002  +1.2272e-001  +4.5028e-002  +2.1982e+001  +2.1008e+000  +9.3091e-001  
-1.5000e+000  +1.8000e+000  +0.0000e+000  +1.0409e+001  +7.0337e+000  +2.6407e+001  +1.4353e-002  +1.1764e-001  +4.0294e-002  +2.4736e+001  +2.3764e+000  +9.3471e-001  
-1.5000e+000  +1.9000e+000  +0.0000e+000  +1.0360e+001  +7.4772e+000  +3.0959e+001  +1.1718e-002  +1.1560e-001  +3.6251e-002  +2.7954e+001  +2.6983e+000  +9.3707e-001  
-1.5000e+000  +2.0000e+000  +0.0000e+000  +1.0316e+001  +7.9591e+000  +3.6619e+001  +9.4631e-003  +1.1624e-001  +3.2730e-002  +3.1673e+001  +3.0702e+000  +9.3806e-001  
-1.5000e+000  +2.1000e+000  +0.0000e+000  +1.0269e+001  +8.4789e+000  +4.3535e+001  +7.5804e-003  +1.1925e-001  +2.9643e-002  +3.5946e+001  +3.5005e+000  +9.3802e-001  
-1.5000e+000  +2.2000e+000  +0.0000e+000  +1.0223e+001  +9.0358e+000  +5.1947e+001  +6.0283e-003  +1.2442e-001  +2.6894e-002  +4.0823e+001  +3.9931e+000  +9.3681e-001  
-1.5000e+000  +2.3000e+000  +0.0000e+000  +1.0167e+001  +9.6306e+000  +6.1924e+001  +4.7850e-003  +1.3141e-001  +2.4454e-002  +4.6375e+001  +4.5614e+000  +9.3485e-001  
-1.5000e+000  +2.4000e+000  +0.0000e+000  +1.0101e+001  +1.0264e+001  +7.3632e+001  +3.7993e-003  +1.3997e-001  +2.2272e-002  +5.2674e+001  +5.2148e+000  +9.3214e-001  
-1.5000e+000  +2.5000e+000  +0.0000e+000  +1.0023e+001  +1.0937e+001  +8.7185e+001  +3.0256e-003  +1.4979e-001  +2.0314e-002  +5.9805e+001  +5.9668e+000  +9.2884e-001  
-1.4000e+000  +5.0000e-001  +0.0000e+000  +1.6172e+001  +3.6779e+000  +1.0352e+001  +7.2005e-002  +1.2856e+000  +3.8165e-001  +6.7635e+000  +4.1822e-001  +3.4653e-001  
-1.4000e+000  +6.0000e-001  +0.0000e+000  +1.4545e+001  +4.0460e+000  +1.0403e+001  +6.9050e-002  +1.1771e+000  +3.1247e-001  +8.1852e+000  +5.6276e-001  +4.5239e-001  
-1.4000e+000  +7.0000e-001  +0.0000e+000  +1.3298e+001  +4.3529e+000  +1.0556e+001  +6.5496e-002  +9.4907e-001  +2.4803e-001  +9.4737e+000  +7.1240e-001  +5.7308e-001  
-1.4000e+000  +8.0000e-001  +0.0000e+000  +1.2435e+001  +4.5623e+000  +1.0875e+001  +6.0755e-002  +7.0002e-001  +1.9582e-001  +1.0407e+001  +8.3695e-001  +6.7741e-001  
-1.4000e+000  +9.0000e-001  +0.0000e+000  +1.1858e+001  +4.7124e+000  +1.1395e+001  +5.4928e-002  +5.1319e-001  +1.5668e-001  +1.1104e+001  +9.3641e-001  +7.5240e-001  
-1.4000e+000  +1.0000e+000  +0.0000e+000  +1.1466e+001  +4.8540e+000  +1.2138e+001  +4.8581e-002  +3.9017e-001  +1.2792e-001  +1.1781e+001  +1.0274e+000  +8.0320e-001  
-1.4000e+000  +1.1000e+000  +0.0000e+000  +1.1193e+001  +5.0170e+000  +1.3127e+001  +4.2259e-002  +3.1062e-001  +1.0662e-001  +1.2585e+001  +1.1244e+000  +8.3770e-001  
-1.4000e+000  +1.2000e+000  +0.0000e+000  +1.0995e+001  +5.2152e+000  +1.4399e+001  +3.6302e-002  +2.5846e-001  +9.0578e-002  +1.3599e+001  +1.2369e+000  +8.6159e-001  
-1.4000e+000  +1.3000e+000  +0.0000e+000  +1.0846e+001  +5.4540e+000  +1.6008e+001  +3.0868e-002  +2.2380e-001  +7.8236e-002  +1.4873e+001  +1.3712e+000  +8.7844e-001  
-1.4000e+000  +1.4000e+000  +0.0000e+000  +1.0732e+001  +5.7343e+000  +1.8031e+001  +2.5991e-002  +2.0081e-001  +6.8500e-002  +1.6441e+001  +1.5320e+000  +8.9035e-001  
-1.4000e+000  +1.5000e+000  +0.0000e+000  +1.0642e+001  +6.0554e+000  +2.0569e+001  +2.1660e-002  +1.8614e-001  +6.0631e-002  +1.8334e+001  +1.7229e+000  +8.9860e-001  
-1.4000e+000  +1.6000e+000  +0.0000e+000  +1.0565e+001  +6.4162e+000  +2.3741e+001  +1.7859e-002  +1.7787e-001  +5.4135e-002  +2.0584e+001  +1.9483e+000  +9.0402e-001  
-1.4000e+000  +1.7000e+000  +0.0000e+000  +1.0500e+001  +6.8144e+000  +2.7707e+001  +1.4557e-002  +1.7489e-001  +4.8644e-002  +2.3218e+001  +2.2112e+000  +9.0698e-001  
-1.4000e+000  +1.8000e+000  +0.0000e+000  +1.0445e+001  +7.2480e+000  +3.2642e+001  +1.1730e-002  +1.7660e-001  +4.3912e-002  +2.6267e+001  +2.5149e+000  +9.0768e-001  
-1.4000e+000  +1.9000e+000  +0.0000e+000  +1.0390e+001  +7.7157e+000  +3.8693e+001  +9.3692e-003  +1.8254e-001  +3.9791e-002  +2.9766e+001  +2.8650e+000  +9.0643e-001  
-1.4000e+000  +2.0000e+000  +0.0000e+000  +1.0339e+001  +8.2157e+000  +4.6066e+001  +7.4269e-003  +1.9247e-001  +3.6140e-002  +3.3749e+001  +3.2642e+000  +9.0320e-001  
-1.4000e+000  +2.1000e+000  +0.0000e+000  +1.0282e+001  +8.7476e+000  +5.4850e+001  +5.8717e-003  +2.0593e-001  +3.2901e-002  +3.8261e+001  +3.7211e+000  +8.9837e-001  
-1.4000e+000  +2.2000e+000  +0.0000e+000  +1.0220e+001  +9.3108e+000  +6.5201e+001  +4.6415e-003  +2.2257e-001  +3.0001e-002  +4.3346e+001  +4.2415e+000  +8.9202e-001  
-1.4000e+000  +2.3000e+000  +0.0000e+000  +1.0149e+001  +9.9051e+000  +7.7240e+001  +3.6782e-003  +2.4197e-001  +2.7394e-002  +4.9056e+001  +4.8338e+000  +8.8437e-001  
-1.4000e+000  +2.4000e+000  +0.0000e+000  +1.0053e+001  +1.0531e+001  +9.0891e+001  +2.9367e-003  +2.6332e-001  +2.5069e-002  +5.5454e+001  +5.5160e+000  +8.7598e-001  
-1.4000e+000  +2.5000e+000  +0.0000e+000  +9.9383e+000  +1.1189e+001  +1.0629e+002  +2.3618e-003  +2.8630e-001  +2.2978e-002  +6.2602e+001  +6.2991e+000  +8.6688e-001  
-1.3000e+000  +5.0000e-001  +0.0000e+000  +1.5057e+001  +3.5975e+000  +1.0468e+001  +7.1393e-002  +1.2824e+000  +3.3587e-001  +6.4709e+000  +4.2975e-001  +4.0461e-001  
-1.3000e+000  +6.0000e-001  +0.0000e+000  +1.3714e+001  +3.9090e+000  +1.0617e+001  +6.7677e-002  +1.0844e+000  +2.7084e-001  +7.6403e+000  +5.5710e-001  +5.1667e-001  
-1.3000e+000  +7.0000e-001  +0.0000e+000  +1.2772e+001  +4.1525e+000  +1.0945e+001  +6.2906e-002  +8.3736e-001  +2.1703e-001  +8.6214e+000  +6.7505e-001  +6.2062e-001  
-1.3000e+000  +8.0000e-001  +0.0000e+000  +1.2138e+001  +4.3449e+000  +1.1493e+001  +5.7053e-002  +6.3701e-001  +1.7620e-001  +9.4391e+000  +7.7762e-001  +6.9946e-001  
-1.3000e+000  +9.0000e-001  +0.0000e+000  +1.1707e+001  +4.5247e+000  +1.2282e+001  +5.0596e-002  +4.9925e-001  +1.4585e-001  +1.0236e+001  +8.7438e-001  +7.5473e-001  
-1.3000e+000  +1.0000e+000  +0.0000e+000  +1.1403e+001  +4.7181e+000  +1.3338e+001  +4.4054e-002  +4.0806e-001  +1.2308e-001  +1.1130e+001  +9.7607e-001  +7.9301e-001  
-1.3000e+000  +1.1000e+000  +0.0000e+000  +1.1181e+001  +4.9382e+000  +1.4702e+001  +3.7786e-002  +3.4785e-001  +1.0568e-001  +1.2193e+001  +1.0905e+000  +8.1967e-001  
-1.3000e+000  +1.2000e+000  +0.0000e+000  +1.1013e+001  +5.1910e+000  +1.6435e+001  +3.1987e-002  +3.0837e-001  +9.2091e-002  +1.3473e+001  +1.2234e+000  +8.3821e-001  
-1.3000e+000  +1.3000e+000  +0.0000e+000  +1.0881e+001  +5.4781e+000  +1.8620e+001  +2.6743e-002  +2.8346e-001  +8.1231e-002  +1.5005e+001  +1.3789e+000  +8.5080e-001  
-1.3000e+000  +1.4000e+000  +0.0000e+000  +1.0775e+001  +5.7994e+000  +2.1360e+001  +2.2084e-002  +2.6957e-001  +7.2358e-002  +1.6817e+001  +1.5607e+000  +8.5869e-001  
-1.3000e+000  +1.5000e+000  +0.0000e+000  +1.0687e+001  +6.1531e+000  +2.4790e+001  +1.8009e-002  +2.6471e-001  +6.4938e-002  +1.8930e+001  +1.7713e+000  +8.6259e-001  
-1.3000e+000  +1.6000e+000  +0.0000e+000  +1.0611e+001  +6.5371e+000  +2.9048e+001  +1.4518e-002  +2.6779e-001  +5.8618e-002  +2.1367e+001  +2.0137e+000  +8.6289e-001  
-1.3000e+000  +1.7000e+000  +0.0000e+000  +1.0545e+001  +6.9485e+000  +3.4301e+001  +1.1582e-002  +2.7827e-001  +5.3131e-002  +2.4141e+001  +2.2893e+000  +8.5972e-001  
-1.3000e+000  +1.8000e+000  +0.0000e+000  +1.0481e+001  +7.3850e+000  +4.0667e+001  +9.1781e-003  +2.9568e-001  +4.8321e-002  +2.7269e+001  +2.6018e+000  +8.5336e-001  
-1.3000e+000  +1.9000e+000  +0.0000e+000  +1.0423e+001  +7.8435e+000  +4.8333e+001  +7.2372e-003  +3.1985e-001  +4.4033e-002  +3.0760e+001  +2.9512e+000  +8.4378e-001  
-1.3000e+000  +2.0000e+000  +0.0000e+000  +1.0359e+001  +8.3219e+000  +5.7368e+001  +5.7067e-003  +3.5010e-001  +4.0204e-002  +3.4627e+001  +3.3427e+000  +8.3142e-001  
-1.3000e+000  +2.1000e+000  +0.0000e+000  +1.0291e+001  +8.8178e+000  +6.7922e+001  +4.5083e-003  +3.8602e-001  +3.6754e-002  +3.8877e+001  +3.7777e+000  +8.1643e-001  
-1.3000e+000  +2.2000e+000  +0.0000e+000  +1.0205e+001  +9.3301e+000  +7.9985e+001  +3.5839e-003  +4.2651e-001  +3.3661e-002  +4.3525e+001  +4.2650e+000  +7.9946e-001  
-1.3000e+000  +2.3000e+000  +0.0000e+000  +1.0104e+001  +9.8570e+000  +9.3693e+001  +2.8677e-003  +4.7104e-001  +3.0866e-002  +4.8580e+001  +4.8081e+000  +7.8070e-001  
-1.3000e+000  +2.4000e+000  +0.0000e+000  +9.9837e+000  +1.0398e+001  +1.0911e+002  +2.3122e-003  +5.1884e-001  +2.8342e-002  +5.4055e+001  +5.4143e+000  +7.6052e-001  
-1.3000e+000  +2.5000e+000  +0.0000e+000  +9.8196e+000  +1.0955e+001  +1.2586e+002  +1.8887e-003  +5.6772e-001  +2.6111e-002  +6.0005e+001  +6.1108e+000  +7.4008e-001  
-1.2000e+000  +5.0000e-001  +0.0000e+000  +1.4212e+001  +3.4784e+000  +1.0682e+001  +7.0159e-002  +1.2322e+000  +2.9635e-001  +6.0495e+000  +4.2568e-001  +4.5423e-001  
-1.2000e+000  +6.0000e-001  +0.0000e+000  +1.3169e+001  +3.7400e+000  +1.1010e+001  +6.5216e-002  +9.9745e-001  +2.4067e-001  +6.9938e+000  +5.3106e-001  +5.5427e-001  
-1.2000e+000  +7.0000e-001  +0.0000e+000  +1.2467e+001  +3.9618e+000  +1.1582e+001  +5.9181e-002  +7.8879e-001  +1.9791e-001  +7.8479e+000  +6.2948e-001  +6.3462e-001  
-1.2000e+000  +8.0000e-001  +0.0000e+000  +1.1988e+001  +4.1700e+000  +1.2418e+001  +5.2471e-002  +6.3892e-001  +1.6589e-001  +8.6945e+000  +7.2524e-001  +6.9288e-001  
-1.2000e+000  +9.0000e-001  +0.0000e+000  +1.1649e+001  +4.3859e+000  +1.3546e+001  +4.5603e-002  +5.3794e-001  +1.4164e-001  +9.6183e+000  +8.2564e-001  +7.3386e-001  
-1.2000e+000  +1.0000e+000  +0.0000e+000  +1.1400e+001  +4.6212e+000  +1.5007e+001  +3.8961e-002  +4.7158e-001  +1.2288e-001  +1.0678e+001  +9.3664e-001  +7.6224e-001  
-1.2000e+000  +1.1000e+000  +0.0000e+000  +1.1209e+001  +4.8808e+000  +1.6867e+001  +3.2780e-002  +4.2975e-001  +1.0804e-001  +1.1911e+001  +1.0626e+000  +7.8128e-001  
-1.2000e+000  +1.2000e+000  +0.0000e+000  +1.1059e+001  +5.1664e+000  +1.9210e+001  +2.7187e-002  +4.0628e-001  +9.6024e-002  +1.3346e+001  +1.2068e+000  +7.9296e-001  
-1.2000e+000  +1.3000e+000  +0.0000e+000  +1.0937e+001  +5.4766e+000  +2.2145e+001  +2.2241e-002  +3.9769e-001  +8.6077e-002  +1.4997e+001  +1.3712e+000  +7.9836e-001  
-1.2000e+000  +1.4000e+000  +0.0000e+000  +1.0835e+001  +5.8089e+000  +2.5790e+001  +1.7971e-002  +4.0215e-001  +7.7676e-002  +1.6872e+001  +1.5572e+000  +7.9809e-001  
-1.2000e+000  +1.5000e+000  +0.0000e+000  +1.0746e+001  +6.1594e+000  +3.0272e+001  +1.4370e-002  +4.1875e-001  +7.0448e-002  +1.8969e+001  +1.7652e+000  +7.9237e-001  
-1.2000e+000  +1.6000e+000  +0.0000e+000  +1.0666e+001  +6.5232e+000  +3.5717e+001  +1.1403e-002  +4.4707e-001  +6.4129e-002  +2.1276e+001  +1.9947e+000  +7.8132e-001  
-1.2000e+000  +1.7000e+000  +0.0000e+000  +1.0596e+001  +6.8944e+000  +4.2272e+001  +9.0007e-003  +4.8704e-001  +5.8514e-002  +2.3767e+001  +2.2431e+000  +7.6487e-001  
-1.2000e+000  +1.8000e+000  +0.0000e+000  +1.0524e+001  +7.2678e+000  +5.0017e+001  +7.0984e-003  +5.3808e-001  +5.3500e-002  +2.6410e+001  +2.5094e+000  +7.4340e-001  
-1.2000e+000  +1.9000e+000  +0.0000e+000  +1.0453e+001  +7.6364e+000  +5.9091e+001  +5.6046e-003  +5.9991e-001  +4.8976e-002  +2.9157e+001  +2.7894e+000  +7.1701e-001  
-1.2000e+000  +2.0000e+000  +0.0000e+000  +1.0370e+001  +7.9948e+000  +6.9526e+001  +4.4470e-003  +6.7129e-001  +4.4901e-002  +3.1958e+001  +3.0819e+000  +6.8639e-001  
-1.2000e+000  +2.1000e+000  +0.0000e+000  +1.0287e+001  +8.3330e+000  +8.1600e+001  +3.5394e-003  +7.5272e-001  +4.1169e-002  +3.4719e+001  +3.3751e+000  +6.5120e-001  
-1.2000e+000  +2.2000e+000  +0.0000e+000  +1.0182e+001  +8.6478e+000  +9.5183e+001  +2.8409e-003  +8.4144e-001  +3.7808e-002  +3.7392e+001  +3.6725e+000  +6.1289e-001  
-1.2000e+000  +2.3000e+000  +0.0000e+000  +1.0059e+001  +8.9304e+000  +1.1045e+002  +2.2971e-003  +9.3699e-001  +3.4758e-002  +3.9876e+001  +3.9643e+000  +5.7162e-001  
-1.2000e+000  +2.4000e+000  +0.0000e+000  +9.8929e+000  +9.1823e+000  +1.2703e+002  +1.8808e-003  +1.0355e+000  +3.2053e-002  +4.2157e+001  +4.2614e+000  +5.2927e-001  
-1.2000e+000  +2.5000e+000  +0.0000e+000  +9.6952e+000  +9.3948e+000  +1.4508e+002  +1.5555e-003  +1.1367e+000  +2.9628e-002  +4.4131e+001  +4.5519e+000  +4.8582e-001  
-1.1000e+000  +5.0000e-001  +0.0000e+000  +1.3648e+001  +3.3242e+000  +1.1065e+001  +6.7898e-002  +1.1791e+000  +2.6732e-001  +5.5253e+000  +4.0483e-001  +4.7890e-001  
-1.1000e+000  +6.0000e-001  +0.0000e+000  +1.2857e+001  +3.5605e+000  +1.1648e+001  +6.1540e-002  +9.7063e-001  +2.2224e-001  +6.3385e+000  +4.9299e-001  +5.5721e-001  
-1.1000e+000  +7.0000e-001  +0.0000e+000  +1.2320e+001  +3.7842e+000  +1.2525e+001  +5.4433e-002  +8.1400e-001  +1.8833e-001  +7.1600e+000  +5.8117e-001  +6.1572e-001  
-1.1000e+000  +8.0000e-001  +0.0000e+000  +1.1940e+001  +4.0110e+000  +1.3717e+001  +4.7121e-002  +7.0775e-001  +1.6251e-001  +8.0440e+000  +6.7371e-001  +6.5703e-001  
-1.1000e+000  +9.0000e-001  +0.0000e+000  +1.1659e+001  +4.2496e+000  +1.5268e+001  +4.0036e-002  +6.3992e-001  +1.4237e-001  +9.0295e+000  +7.7447e-001  +6.8483e-001  
-1.1000e+000  +1.0000e+000  +0.0000e+000  +1.1443e+001  +4.5032e+000  +1.7239e+001  +3.3454e-002  +6.0113e-001  +1.2626e-001  +1.0139e+001  +8.8608e-001  +7.0181e-001  
-1.1000e+000  +1.1000e+000  +0.0000e+000  +1.1272e+001  +4.7711e+000  +1.9714e+001  +2.7535e-002  +5.8568e-001  +1.1304e-001  +1.1382e+001  +1.0098e+000  +7.0954e-001  
-1.1000e+000  +1.2000e+000  +0.0000e+000  +1.1130e+001  +5.0502e+000  +2.2783e+001  +2.2369e-002  +5.9047e-001  +1.0198e-001  +1.2752e+001  +1.1457e+000  +7.0886e-001  
-1.1000e+000  +1.3000e+000  +0.0000e+000  +1.1011e+001  +5.3345e+000  +2.6555e+001  +1.7970e-002  +6.1413e-001  +9.2516e-002  +1.4228e+001  +1.2921e+000  +6.9999e-001  
-1.1000e+000  +1.4000e+000  +0.0000e+000  +1.0908e+001  +5.6162e+000  +3.1131e+001  +1.4319e-002  +6.5618e-001  +8.4278e-002  +1.5771e+001  +1.4458e+000  +6.8297e-001  
-1.1000e+000  +1.5000e+000  +0.0000e+000  +1.0815e+001  +5.8855e+000  +3.6613e+001  +1.1353e-002  +7.1656e-001  +7.6998e-002  +1.7320e+001  +1.6014e+000  +6.5770e-001  
-1.1000e+000  +1.6000e+000  +0.0000e+000  +1.0729e+001  +6.1304e+000  +4.3107e+001  +8.9821e-003  +7.9538e-001  +7.0487e-002  +1.8791e+001  +1.7513e+000  +6.2412e-001  
-1.1000e+000  +1.7000e+000  +0.0000e+000  +1.0648e+001  +6.3361e+000  +5.0717e+001  +7.1093e-003  +8.9270e-001  +6.4607e-002  +2.0073e+001  +1.8852e+000  +5.8220e-001  
-1.1000e+000  +1.8000e+000  +0.0000e+000  +1.0568e+001  +6.4843e+000  +5.9561e+001  +5.6400e-003  +1.0085e+000  +5.9262e-002  +2.1023e+001  +1.9894e+000  +5.3203e-001  
-1.1000e+000  +1.9000e+000  +0.0000e+000  +1.0478e+001  +6.5553e+000  +6.9671e+001  +4.4987e-003  +1.1411e+000  +5.4417e-002  +2.1486e+001  +2.0506e+000  +4.7441e-001  
-1.1000e+000  +2.0000e+000  +0.0000e+000  +1.0380e+001  +6.5193e+000  +8.1186e+001  +3.6081e-003  +1.2904e+000  +4.9998e-002  +2.1250e+001  +2.0473e+000  +4.0949e-001  
-1.1000e+000  +2.1000e+000  +0.0000e+000  +1.0269e+001  +6.3369e+000  +9.4199e+001  +2.9122e-003  +1.4550e+000  +4.5967e-002  +2.0078e+001  +1.9552e+000  +3.3786e-001  
-1.1000e+000  +2.2000e+000  +0.0000e+000  +1.0144e+001  +5.9496e+000  +1.0878e+002  +2.3670e-003  +1.6334e+000  +4.2292e-002  +1.7699e+001  +1.7447e+000  +2.6029e-001  
-1.1000e+000  +2.3000e+000  +0.0000e+000  +9.9793e+000  +5.2865e+000  +1.2458e+002  +1.9473e-003  +1.8188e+000  +3.9017e-002  +1.3974e+001  +1.4003e+000  +1.7987e-001  
-1.1000e+000  +2.4000e+000  +0.0000e+000  +9.7893e+000  +4.1394e+000  +1.4172e+002  +1.6182e-003  +2.0110e+000  +3.6054e-002  +8.5671e+000  +8.7516e-001  +9.6633e-002  
-1.1000e+000  +2.5000e+000  +0.0000e+000  +9.5940e+000  +1.5766e+000  +1.5998e+002  +1.3602e-003  +2.2062e+000  +3.3306e-002  +1.2429e+000  +1.2955e-001  +1.2300e-002  
-1.0000e+000  +5.0000e-001  +0.0000e+000  +1.3329e+001  +3.1410e+000  +1.1676e+001  +6.4474e-002  +1.1809e+000  +2.4978e-001  +4.9331e+000  +3.7010e-001  +4.6855e-001  
-1.0000e+000  +6.0000e-001  +0.0000e+000  +1.2715e+001  +3.3641e+000  +1.2570e+001  +5.6849e-002  +1.0255e+000  +2.1357e-001  +5.6586e+000  +4.4503e-001  +5.2342e-001  
-1.0000e+000  +7.0000e-001  +0.0000e+000  +1.2284e+001  +3.5854e+000  +1.3805e+001  +4.8988e-002  +9.2121e-001  +1.8597e-001  +6.4276e+000  +5.2327e-001  +5.6140e-001  
-1.0000e+000  +8.0000e-001  +0.0000e+000  +1.1965e+001  +3.8096e+000  +1.5416e+001  +4.1389e-002  +8.5952e-001  +1.6433e-001  +7.2566e+000  +6.0646e-001  +5.8492e-001  
-1.0000e+000  +9.0000e-001  +0.0000e+000  +1.1719e+001  +4.0365e+000  +1.7453e+001  +3.4386e-002  +8.3229e-001  +1.4686e-001  +8.1466e+000  +6.9513e-001  +5.9589e-001  
-1.0000e+000  +1.0000e+000  +0.0000e+000  +1.1523e+001  +4.2615e+000  +1.9988e+001  +2.8161e-002  +8.3458e-001  +1.3237e-001  +9.0801e+000  +7.8799e-001  +5.9530e-001  
-1.0000e+000  +1.1000e+000  +0.0000e+000  +1.1360e+001  +4.4768e+000  +2.3092e+001  +2.2802e-002  +8.6396e-001  +1.2008e-001  +1.0021e+001  +8.8213e-001  +5.8351e-001  
-1.0000e+000  +1.2000e+000  +0.0000e+000  +1.1222e+001  +4.6704e+000  +2.6850e+001  +1.8303e-002  +9.1974e-001  +1.0943e-001  +1.0906e+001  +9.7187e-001  +5.6035e-001  
-1.0000e+000  +1.3000e+000  +0.0000e+000  +1.1102e+001  +4.8264e+000  +3.1337e+001  +1.4613e-002  +1.0020e+000  +1.0005e-001  +1.1647e+001  +1.0491e+000  +5.2555e-001  
-1.0000e+000  +1.4000e+000  +0.0000e+000  +1.0992e+001  +4.9241e+000  +3.6616e+001  +1.1645e-002  +1.1109e+000  +9.1680e-002  +1.2123e+001  +1.1030e+000  +4.7895e-001  
-1.0000e+000  +1.5000e+000  +0.0000e+000  +1.0894e+001  +4.9327e+000  +4.2791e+001  +9.2774e-003  +1.2477e+000  +8.4103e-002  +1.2166e+001  +1.1168e+000  +4.1992e-001  
-1.0000e+000  +1.6000e+000  +0.0000e+000  +1.0798e+001  +4.8124e+000  +4.9896e+001  +7.4148e-003  +1.4118e+000  +7.7228e-002  +1.1580e+001  +1.0724e+000  +3.4881e-001  
-1.0000e+000  +1.7000e+000  +0.0000e+000  +1.0704e+001  +4.4960e+000  +5.8008e+001  +5.9525e-003  +1.6034e+000  +7.0938e-002  +1.0107e+001  +9.4422e-001  +2.6558e-001  
-1.0000e+000  +1.8000e+000  +0.0000e+000  +1.0612e+001  +3.8609e+000  +6.7161e+001  +4.8092e-003  +1.8212e+000  +6.5151e-002  +7.4535e+000  +7.0237e-001  +1.7086e-001  
-1.0000e+000  +1.9000e+000  +0.0000e+000  +1.0515e+001  +2.6067e+000  +7.7144e+001  +3.9327e-003  +2.0581e+000  +5.9820e-002  +3.3973e+000  +3.2309e-001  +6.7995e-002  
-9.0000e-001  +5.0000e-001  +0.0000e+000  +1.3195e+001  +2.9123e+000  +1.2527e+001  +6.0236e-002  +1.2678e+000  +2.4216e-001  +4.2408e+000  +3.2139e-001  +4.1968e-001  
-9.0000e-001  +6.0000e-001  +0.0000e+000  +1.2695e+001  +3.1084e+000  +1.3758e+001  +5.1742e-002  +1.1737e+000  +2.1233e-001  +4.8310e+000  +3.8055e-001  +4.5018e-001  
-9.0000e-001  +7.0000e-001  +0.0000e+000  +1.2328e+001  +3.2956e+000  +1.5368e+001  +4.3571e-002  +1.1268e+000  +1.8892e-001  +5.4306e+000  +4.4051e-001  +4.6523e-001  
-9.0000e-001  +8.0000e-001  +0.0000e+000  +1.2045e+001  +3.4686e+000  +1.7394e+001  +3.6107e-002  +1.1204e+000  +1.6990e-001  +6.0155e+000  +4.9941e-001  +4.6588e-001  
-9.0000e-001  +9.0000e-001  +0.0000e+000  +1.1817e+001  +3.6169e+000  +1.9877e+001  +2.9559e-002  +1.1502e+000  +1.5397e-001  +6.5410e+000  +5.5350e-001  +4.5256e-001  
-9.0000e-001  +1.0000e+000  +0.0000e+000  +1.1628e+001  +3.7246e+000  +2.2868e+001  +2.3990e-002  +1.2144e+000  +1.4029e-001  +6.9362e+000  +5.9653e-001  +4.2519e-001  
-9.0000e-001  +1.1000e+000  +0.0000e+000  +1.1465e+001  +3.7684e+000  +2.6412e+001  +1.9372e-002  +1.3125e+000  +1.2830e-001  +7.1006e+000  +6.1933e-001  +3.8343e-001  
-9.0000e-001  +1.2000e+000  +0.0000e+000  +1.1322e+001  +3.7146e+000  +3.0546e+001  +1.5617e-002  +1.4447e+000  +1.1761e-001  +6.8992e+000  +6.0936e-001  +3.2690e-001  
-9.0000e-001  +1.3000e+000  +0.0000e+000  +1.1194e+001  +3.5100e+000  +3.5294e+001  +1.2612e-002  +1.6110e+000  +1.0796e-001  +6.1601e+000  +5.5028e-001  +2.5546e-001  
-9.0000e-001  +1.4000e+000  +0.0000e+000  +1.1080e+001  +3.0602e+000  +4.0642e+001  +1.0243e-002  +1.8101e+000  +9.9135e-002  +4.6823e+000  +4.2260e-001  +1.6971e-001  
-9.0000e-001  +1.5000e+000  +0.0000e+000  +1.0970e+001  +2.1573e+000  +4.6384e+001  +8.4363e-003  +2.0335e+000  +9.1029e-002  +2.3269e+000  +2.1212e-001  +7.3690e-002  
