1. 0. 0. 1. 1. 0. 0. 0. 0. 0.
x 1
-3.4e+38 9
-1.e-2 5
0. 4
0. 3
3.4e+38 11
1 1
v 2
-3.4e+38 1
-3.4e-38 2
3.4e-38 3
3.4e+38 11
1 1

// 18may11
-3.4e+38 9	-oo
-2.5e-2 5	x1 - ком1 
0.5 4		x2 - ком2 
0. 3		x3 - внеш огран		
0.8 2		x4 - кромка втулки		
0. 1		x5 - внут огран
3.4e+38 11	oo
1 1
v 2
-3.4e+38 1
-3.4e-38 2
3.4e-38 3
3.4e+38 11
1 1



// for rigth action system
x 1
-3.4e+38 9
0.01 4
0.055 3
0.055 2
0.055 1
3.4e+38 11

// for back action system
x 1
-3.4e+38 9
-0.055 4
-0.01 3
-0.01 2
-0.01 1
3.4e+38 11
